0 0 0 0 0 0 0 0 0 0 0 0 0 0 0 0 0 0 0 0 0 0 0 0 0 0 0 0 0 0 0 0 0 0 0 0 0 0 0 0 0 0 0 0 0 0 0 0 0 0 0 0 0 0 0 0 0 0 0 0 0 0 0 0 0 0 0 0 0 0 0 0 0 0 0 0 0 0 0 0 0 0 0 0 0 0 0 0 0 0 0 0 0 0 0 0 0 0 0 0 
0 0 0 0 0 0 0 0 0 0 0 0 0 0 0 0 0 0 0 0 0 0 0 0 0 0 0 0 0 0 0 0 0 0 0 0 0 0 0 0 0 0 0 0 0 0 0 0 0 0 0 0 0 0 0 0 0 0 0 0 0 0 0 0 0 0 0 0 0 0 0 0 0 0 0 0 0 0 0 0 0 0 0 0 0 0 0 0 0 0 0 0 0 0 0 0 0 0 0 0 
0 0 0 0 0 0 0 0 0 0 0 0 0 0 0 0 0 0 0 0 0 0 0 0 0 0 0 0 0 0 0 0 0 0 0 0 0 0 0 0 0 0 0 0 0 0 0 0 0 0 0 0 0 0 0 0 0 0 0 0 0 0 0 0 0 0 0 0 0 0 0 0 0 0 0 0 0 0 0 0 0 0 0 0 0 0 0 0 0 0 0 0 0 0 0 0 0 0 0 0 
0 0 0 0 0 0 0 0 0 0 0 0 0 0 0 0 0 0 0 0 0 0 0 0 0 0 0 0 0 0 0 0 0 0 0 0 0 0 0 0 0 0 0 0 0 0 0 0 0 0 0 0 0 0 0 0 0 0 0 0 0 0 0 0 0 0 0 0 0 0 0 0 0 0 0 0 0 0 0 0 0 0 0 0 0 0 0 0 0 0 0 0 0 0 0 0 0 0 0 0 
0 0 0 0 0 0 0 0 0 0 0 0 0 0 0 0 0 0 0 0 0 0 0 0 0 0 0 0 0 0 0 0 0 0 0 0 0 0 0 0 0 0 0 0 0 0 0 0 0 0 0 0 0 0 0 0 0 0 0 0 0 0 0 0 0 0 0 0 0 0 0 0 0 0 0 0 0 0 0 0 0 0 0 0 0 0 0 0 0 0 0 0 0 0 0 0 0 0 0 0 
0 0 0 0 0 0 0 0 0 0 0 0 0 0 0 0 0 0 0 0 0 0 0 0 0 0 0 0 0 0 0 0 0 0 0 0 0 0 0 0 0 0 0 0 0 0 0 0 0 0 0 0 0 0 0 0 0 0 0 0 0 0 0 0 0 0 0 0 0 0 0 0 0 0 0 0 0 0 0 0 0 0 0 0 0 0 0 0 0 0 0 0 0 0 0 0 0 0 0 0 
0 0 0 0 0 0 0 0 0 0 0 0 0 0 0 0 0 0 0 0 0 0 0 0 0 0 0 0 0 0 0 0 0 0 0 0 0 0 0 0 0 0 0 0 0 0 0 0 0 0 0 0 0 0 0 0 0 0 0 0 0 0 0 0 0 0 0 0 0 0 0 0 0 0 0 0 0 0 0 0 0 0 0 0 0 0 0 0 0 0 0 0 0 0 0 0 0 0 0 0 
0 0 0 0 0 0 0 0 0 0 0 0 0 0 0 0 0 0 0 0 0 0 0 0 0 0 0 0 0 0 0 0 0 0 0 0 0 0 0 0 0 0 0 0 0 0 0 0 0 0 0 0 0 0 0 0 0 0 0 0 0 0 0 0 0 0 0 0 0 0 0 0 0 0 0 0 0 0 0 0 0 0 0 0 0 0 0 0 0 0 0 0 0 0 0 0 0 0 0 0 
0 0 0 0 0 0 0 0 0 0 0 0 0 0 0 0 0 0 0 0 0 0 0 0 0 0 0 0 0 0 0 0 0 0 0 0 0 0 0 0 0 0 0 0 0 0 0 0 0 0 0 0 0 0 0 0 0 0 0 0 0 0 0 0 0 0 0 0 0 0 0 0 0 0 0 0 0 0 0 0 0 0 0 0 0 0 0 0 0 0 0 0 0 0 0 0 0 0 0 0 
0 0 0 0 0 0 0 0 0 0 0 0 0 0 0 0 0 0 0 0 0 0 0 0 0 0 0 0 0 0 0 0 0 0 0 0 0 0 0 0 0 0 0 0 0 0 0 0 0 0 0 0 0 0 0 0 0 0 0 0 0 0 0 0 0 0 0 0 0 0 0 0 0 0 0 0 0 0 0 0 0 0 0 0 0 0 0 0 0 0 0 0 0 0 0 0 0 0 0 0 
0 0 0 0 0 0 0 0 0 0 0 0 0 0 0 0 0 0 0 0 0 0 0 0 0 0 0 0 0 0 0 0 0 0 0 0 0 0 0 0 0 0 0 0 0 0 0 0 0 0 0 0 0 0 0 0 0 0 0 0 0 0 0 0 0 0 0 0 0 0 0 0 0 0 0 0 0 0 0 0 0 0 0 0 0 0 0 0 0 0 0 0 0 0 0 0 0 0 0 0 
0 0 0 0 0 0 0 0 0 0 0 0 0 0 0 0 0 0 0 0 0 0 0 0 0 0 0 0 0 0 0 0 0 0 0 0 0 0 0 0 0 0 0 0 1 0 0 0 0 0 0 0 0 0 0 0 0 0 0 0 0 0 0 0 0 0 0 0 0 0 0 0 0 0 0 0 0 0 0 0 0 0 0 0 0 0 0 0 0 0 0 0 0 0 0 0 0 0 0 0 
0 0 0 0 0 0 0 0 0 0 0 0 0 0 0 0 0 0 0 0 0 0 0 0 0 0 0 0 0 0 0 0 0 0 0 0 0 0 0 0 0 0 0 0 0 0 0 1 0 0 0 0 0 0 0 0 0 0 0 0 0 0 0 0 0 0 0 0 0 0 0 0 0 0 0 0 0 0 0 0 0 0 0 0 0 0 0 0 0 0 0 0 0 0 0 0 0 0 0 0 
0 0 0 0 0 0 0 0 0 0 0 0 0 0 0 0 0 0 0 0 0 0 0 0 0 0 0 0 0 0 0 0 0 0 0 0 0 0 0 0 0 0 0 0 0 0 0 0 0 0 0 0 0 0 0 0 0 0 0 0 0 0 0 0 0 0 0 0 0 0 0 0 0 0 0 0 0 0 0 0 0 0 0 0 0 0 0 0 0 0 0 0 0 0 0 0 0 0 0 0 
0 0 0 0 0 0 0 0 0 0 0 0 0 0 0 0 0 0 0 0 0 0 0 0 0 0 0 0 0 0 0 0 0 0 0 0 0 0 0 0 0 0 0 0 0 0 0 0 0 0 0 0 0 0 0 0 0 0 0 0 0 0 0 0 0 0 0 0 0 0 0 0 0 0 0 0 0 0 0 0 0 0 0 0 0 0 0 0 0 0 0 0 0 0 0 0 0 0 0 0 
0 0 0 0 0 0 0 0 0 0 0 0 0 0 0 0 0 0 0 0 0 0 0 0 0 0 0 0 0 0 0 0 0 0 0 0 0 0 0 0 0 0 0 0 0 0 1 0 0 0 0 0 0 0 0 0 0 0 0 0 0 0 0 0 0 0 0 0 0 0 0 0 0 0 0 0 0 0 0 0 0 0 0 0 0 0 0 0 0 0 0 0 0 0 0 0 0 0 0 0 
0 0 0 0 0 0 0 0 0 0 0 0 0 0 0 0 0 0 0 0 0 0 0 0 0 0 0 0 0 0 0 0 0 0 0 0 0 0 0 0 0 0 0 0 0 0 0 0 0 0 0 0 0 0 1 0 0 0 0 0 0 0 0 0 0 0 0 0 0 0 0 0 0 0 0 0 0 0 0 0 0 0 0 0 0 0 0 0 0 0 0 0 0 0 0 0 0 0 0 0 
0 0 0 0 0 0 0 0 0 0 0 0 0 0 0 0 0 0 0 0 0 0 0 0 0 0 0 0 0 0 0 0 0 0 0 0 0 0 0 0 0 0 0 0 0 0 0 0 0 0 0 0 1 0 0 1 1 0 0 0 0 0 0 0 0 0 0 0 0 0 0 0 0 0 0 0 0 0 0 0 0 0 0 0 0 0 0 0 0 0 0 0 0 0 0 0 0 0 0 0 
0 0 0 0 0 0 0 0 0 0 0 0 0 0 0 0 0 0 0 0 0 0 0 0 0 0 0 0 0 0 0 0 0 0 0 0 0 0 0 0 0 0 0 0 0 0 0 0 1 0 1 2 0 1 0 0 0 0 0 0 1 0 0 0 0 0 0 0 0 0 0 0 0 0 0 0 0 0 0 0 0 0 0 0 0 0 0 0 0 0 0 0 0 0 0 0 0 0 0 0 
0 0 0 0 0 0 0 0 0 0 0 0 0 0 0 0 0 0 0 0 0 0 0 0 0 0 0 0 0 0 0 0 0 0 0 0 0 0 0 0 1 0 1 0 0 0 1 0 0 0 0 0 1 0 0 0 0 0 1 0 0 0 0 0 0 0 0 0 0 0 0 0 0 0 0 0 0 0 0 0 0 0 0 0 0 0 0 0 0 0 0 0 0 0 0 0 0 0 0 0 
0 0 0 0 0 0 0 0 0 0 0 0 0 0 0 0 0 0 0 0 0 0 0 0 0 0 0 0 0 0 0 0 0 0 0 0 0 0 0 0 0 0 2 1 1 1 0 0 1 1 1 1 1 0 0 0 0 0 0 0 0 0 0 0 0 1 0 0 0 0 0 0 0 0 0 0 0 0 0 0 0 0 0 0 0 0 0 0 0 0 0 0 0 0 0 0 0 0 0 0 
0 0 0 0 0 0 0 0 0 0 0 0 0 0 0 0 0 0 0 0 0 0 0 0 0 0 0 0 0 0 0 0 0 0 0 0 0 1 0 0 0 0 2 0 3 2 1 0 2 2 0 1 0 0 0 0 1 2 0 0 0 0 0 0 0 0 0 0 0 0 0 0 0 0 0 0 0 0 0 0 0 0 0 0 0 0 0 0 0 0 0 0 0 0 0 0 0 0 0 0 
0 0 0 0 0 0 0 0 0 0 0 0 0 0 0 0 0 0 0 0 0 0 0 0 0 0 0 0 0 0 0 0 0 1 0 1 0 0 0 1 2 0 1 1 0 3 1 0 4 1 2 1 1 4 1 1 2 1 0 1 0 1 0 0 1 0 0 0 0 0 0 0 0 0 0 0 0 0 0 0 0 0 0 0 0 0 0 0 0 0 0 0 0 0 0 0 0 0 0 0 
0 0 0 0 0 0 0 0 0 0 0 0 0 0 0 0 0 0 0 0 0 0 0 0 0 0 0 0 0 0 0 0 0 0 0 1 0 1 0 1 0 4 2 1 5 4 3 3 2 2 4 5 4 4 4 0 3 5 1 1 0 0 2 0 2 1 0 0 0 0 0 0 0 0 0 0 0 0 0 0 0 0 0 0 0 0 0 0 0 0 0 0 0 0 0 0 0 0 0 0 
0 0 0 0 0 0 0 0 0 0 0 0 0 0 0 0 0 0 0 0 0 0 0 0 0 0 0 0 0 0 0 0 0 0 0 1 0 0 0 1 3 0 2 2 3 1 5 3 7 1 4 5 5 7 1 3 0 1 0 2 2 0 0 0 1 0 0 0 0 0 0 0 0 0 0 0 0 0 0 0 0 0 0 0 0 0 0 0 0 0 0 0 0 0 0 0 0 0 0 0 
0 0 0 0 0 0 0 0 0 0 0 0 0 0 0 0 0 0 0 0 0 0 0 0 0 0 0 0 0 0 1 0 0 0 0 0 2 0 0 2 1 3 2 1 5 4 6 8 8 12 6 3 8 5 9 4 4 0 1 1 0 2 2 2 1 1 0 0 0 0 0 0 0 0 0 0 0 0 0 0 0 0 0 0 0 0 0 0 0 0 0 0 0 0 0 0 0 0 0 0 
0 0 0 0 0 0 0 0 0 0 0 0 0 0 0 0 0 0 0 0 0 0 0 0 0 0 0 0 0 0 1 0 1 1 0 0 1 4 3 4 3 3 4 7 2 6 9 10 6 10 10 8 4 9 6 8 8 3 5 3 3 1 2 2 1 0 0 1 1 0 0 0 0 0 0 0 0 0 0 0 0 0 0 0 0 0 0 0 0 0 0 0 0 0 0 0 0 0 0 0 
0 0 0 0 0 0 0 0 0 0 0 0 0 0 0 0 0 0 0 0 0 0 0 0 0 0 0 0 0 0 0 0 0 0 0 0 1 2 2 2 9 7 3 5 13 7 21 12 19 13 11 11 8 14 11 8 4 9 4 4 6 6 2 4 1 0 3 0 0 0 0 0 0 0 0 0 0 0 0 0 0 0 0 0 0 0 0 0 0 0 0 0 0 0 0 0 0 0 0 0 
0 0 0 0 0 0 0 0 0 0 0 0 0 0 0 0 0 0 0 0 0 0 0 0 0 0 0 0 0 0 1 0 1 1 1 3 0 4 3 5 6 6 8 9 8 14 20 13 15 19 17 18 23 18 15 12 15 11 11 7 8 7 4 1 4 1 1 1 0 0 1 0 0 0 0 1 0 0 0 0 0 0 0 0 0 0 0 0 0 0 0 0 0 0 0 0 0 0 0 0 
0 0 0 0 0 0 0 0 0 0 0 0 0 0 0 0 0 0 0 0 0 1 0 0 0 0 0 0 0 0 0 2 1 0 2 2 4 7 2 6 4 10 12 15 18 17 16 28 18 21 23 26 26 24 23 21 12 12 15 8 7 8 1 2 3 4 4 0 0 0 0 3 1 0 0 0 1 0 0 0 0 0 0 0 0 0 0 0 0 0 0 0 0 0 0 0 0 0 0 0 
0 0 0 0 0 0 0 0 0 0 0 0 0 0 0 0 0 0 0 0 0 0 0 0 0 0 0 0 0 1 1 1 3 2 3 3 3 5 2 11 10 12 16 23 27 27 19 34 38 30 27 39 24 49 29 33 17 20 28 15 13 11 8 5 4 6 1 2 1 2 4 0 1 0 0 0 0 0 0 0 2 0 0 0 0 0 0 0 0 0 0 0 0 0 0 0 0 0 0 0 
0 0 0 0 0 0 0 0 0 0 0 0 0 0 0 0 0 0 0 0 0 0 0 0 0 0 1 1 0 0 0 1 1 2 5 3 5 1 7 7 18 13 14 29 29 34 41 33 47 47 54 35 50 39 44 24 40 27 25 17 17 12 8 19 1 9 5 3 0 3 1 2 0 0 1 0 0 0 0 0 0 0 0 0 0 0 0 0 0 0 0 0 0 0 0 0 0 0 0 0 
0 0 0 0 0 0 0 0 0 0 0 0 0 0 0 0 0 0 0 0 0 0 0 0 0 0 0 0 0 0 0 2 0 4 5 6 4 9 6 12 19 21 22 31 33 37 41 54 48 52 68 63 51 41 43 62 40 39 31 35 27 21 21 13 6 9 8 4 1 4 3 2 1 0 1 0 0 0 0 1 1 0 0 0 0 0 0 0 0 0 0 0 0 0 0 0 0 0 0 0 
0 0 0 0 0 0 0 0 0 0 0 0 0 0 0 0 0 1 0 0 0 0 0 0 1 0 1 0 0 0 2 1 5 4 2 4 2 9 15 18 18 30 31 37 58 44 81 64 80 77 78 82 83 76 60 79 47 60 48 34 33 46 16 17 13 9 8 9 4 2 1 3 3 0 1 0 1 0 0 0 0 0 0 0 0 0 0 0 0 0 0 0 0 0 0 0 0 0 0 0 
0 0 0 0 0 0 0 0 0 0 0 0 0 0 0 0 0 0 0 0 0 0 0 0 0 0 0 1 0 0 0 1 5 2 5 7 11 11 16 20 26 45 32 42 54 54 73 99 75 75 83 116 89 90 60 91 73 65 54 53 39 53 29 24 14 20 18 16 12 4 3 2 2 0 1 0 2 1 1 0 0 0 0 0 0 0 0 0 0 0 0 0 0 0 0 0 0 0 0 0 
0 0 0 0 0 0 0 0 0 0 0 0 0 0 0 0 0 0 0 0 0 0 0 0 0 0 0 2 2 0 1 4 6 2 8 2 12 11 16 22 23 36 50 50 76 103 96 107 117 142 132 123 130 116 117 91 76 92 68 68 58 39 50 36 26 24 22 12 14 9 5 3 2 3 1 0 0 1 0 1 0 0 0 0 0 0 0 0 0 0 0 0 0 0 0 0 0 0 0 0 
0 0 0 0 0 0 0 0 0 0 0 0 0 0 0 0 0 0 0 0 0 0 0 0 0 0 0 0 1 3 0 3 2 6 6 9 17 19 29 23 44 41 54 57 96 107 122 137 121 163 153 155 144 138 181 119 108 92 97 91 53 53 53 44 33 34 18 14 14 9 11 4 4 7 4 0 1 1 1 0 0 0 0 0 0 0 0 0 0 0 0 0 0 0 0 0 0 0 0 0 
0 0 0 0 0 0 0 0 0 0 0 0 0 0 0 0 0 0 0 1 0 0 0 0 1 0 0 1 3 2 1 2 7 2 10 16 10 15 34 50 41 55 55 73 100 131 134 165 170 193 181 193 209 196 177 175 144 153 127 128 94 91 71 47 44 46 28 24 12 15 7 6 6 1 4 2 1 0 3 0 0 0 0 0 0 0 0 0 0 0 0 0 0 0 0 0 0 0 0 0 
0 0 0 0 0 0 0 0 0 0 0 0 0 0 0 0 0 0 0 0 0 0 0 0 2 0 2 1 1 2 8 6 7 8 8 16 19 23 33 45 53 58 80 106 127 171 157 199 232 252 258 258 258 253 241 214 217 173 168 143 117 90 94 73 58 47 34 23 29 19 7 6 10 5 4 2 0 1 1 1 0 0 0 0 0 0 0 0 0 0 0 0 0 0 0 0 0 0 0 0 
0 0 0 0 0 0 0 0 0 0 0 0 0 0 0 0 0 0 0 0 0 0 0 1 0 0 0 1 1 4 5 5 3 5 11 14 27 32 34 41 80 65 98 122 134 173 186 240 230 259 290 266 260 281 270 243 230 211 172 155 153 117 94 93 71 61 55 39 25 19 15 12 4 2 7 3 0 0 0 0 1 0 0 0 0 0 0 1 0 0 0 0 0 0 0 0 0 0 0 0 
0 0 0 0 0 0 0 0 0 0 0 0 0 0 0 0 0 0 0 0 0 0 1 0 0 1 0 3 6 2 7 1 7 12 15 13 24 25 36 51 57 86 120 143 181 181 240 315 266 316 315 363 371 348 335 283 268 263 221 203 151 164 139 102 86 71 65 44 29 39 29 18 14 4 2 5 1 3 2 0 0 0 0 0 0 0 0 0 0 0 0 0 0 0 0 0 0 0 0 0 
0 0 0 0 0 0 0 0 0 0 0 0 0 0 0 0 0 0 0 0 0 0 2 1 3 1 2 1 7 2 5 7 8 18 10 20 25 42 39 56 75 117 114 173 165 226 261 317 388 434 374 438 406 397 400 366 371 295 244 238 208 178 148 128 94 77 61 60 35 34 23 13 9 12 10 5 2 2 3 1 0 0 1 0 0 0 1 0 0 0 0 0 0 0 0 0 0 0 0 0 
0 0 0 0 0 0 0 0 0 0 0 0 0 0 0 0 0 0 0 0 0 0 0 2 1 1 3 3 3 1 5 5 13 18 20 17 30 39 57 71 82 100 140 168 188 267 301 404 365 448 538 487 477 515 430 376 395 323 325 268 240 197 174 146 116 117 65 68 46 38 28 35 18 7 7 7 1 5 1 1 0 0 3 0 0 0 0 0 1 0 0 0 0 0 0 0 0 0 0 0 
0 0 0 0 0 0 0 0 0 0 0 0 0 0 0 0 0 0 0 0 0 1 0 0 2 1 4 5 5 5 7 9 17 12 19 35 34 40 51 77 89 101 143 206 191 249 330 370 429 527 559 557 570 536 535 500 445 420 321 301 270 267 213 174 127 105 94 70 53 46 21 23 26 12 15 5 2 6 2 2 0 0 1 3 0 1 0 0 0 0 1 0 0 0 0 0 0 0 0 0 
0 0 0 0 0 0 0 0 0 0 0 0 0 0 0 0 0 0 0 1 0 0 3 1 2 1 0 4 3 10 7 8 9 15 29 26 35 38 64 74 90 100 159 183 219 281 426 401 526 603 627 595 630 582 633 554 502 495 431 372 322 266 233 181 158 121 106 58 56 34 43 32 13 11 13 11 6 6 2 2 2 0 3 1 1 0 0 2 0 0 0 0 0 0 0 0 0 0 0 0 
0 0 0 0 0 0 0 0 0 0 0 0 0 0 0 0 0 0 1 0 1 1 2 0 1 5 3 5 6 3 7 10 16 14 18 29 42 59 72 75 97 141 173 204 243 307 360 444 594 611 708 751 665 643 727 634 618 516 453 391 406 318 240 205 156 150 135 107 68 54 39 40 27 11 13 18 7 6 0 2 1 1 1 0 0 1 0 0 0 0 0 0 0 0 0 0 0 0 0 0 
0 0 0 0 0 0 0 0 0 0 0 0 0 0 0 0 0 0 0 0 2 0 1 0 4 2 5 3 7 11 7 19 13 27 21 36 38 63 54 83 122 134 187 215 246 288 365 484 663 733 745 840 807 734 700 675 660 567 500 475 418 333 284 245 170 170 133 123 91 68 41 48 22 21 20 13 13 6 4 5 3 0 0 0 0 1 1 0 0 0 0 0 0 0 0 0 0 0 0 0 
0 0 0 0 0 0 0 0 0 0 0 0 0 0 0 1 0 0 0 0 0 1 0 1 0 2 4 5 4 9 7 10 11 20 29 38 50 55 55 64 120 121 167 214 239 306 432 496 625 800 850 853 901 828 755 753 725 615 579 505 451 342 327 245 235 163 125 107 79 68 69 47 38 26 18 9 6 6 9 4 1 0 3 1 0 1 0 2 0 1 0 0 0 0 0 0 0 0 0 0 
0 0 0 0 0 0 0 0 0 0 0 0 0 0 0 0 0 0 0 0 0 0 1 2 2 3 3 3 8 6 10 9 20 24 25 43 51 56 59 72 106 147 166 232 275 317 414 456 650 912 872 956 906 810 835 817 707 635 579 479 477 362 346 250 222 174 133 122 88 69 63 49 29 31 15 24 10 10 3 5 1 4 4 0 3 0 2 0 1 0 0 0 0 0 0 0 0 0 0 0 
0 0 0 0 0 0 0 0 0 0 0 0 0 0 0 0 0 0 0 0 0 2 0 2 3 2 5 5 9 15 11 10 15 26 29 37 41 53 61 90 98 145 143 241 303 303 402 525 645 968 899 937 980 950 935 861 766 681 578 534 480 401 373 277 237 168 162 141 100 77 74 53 45 26 43 28 15 11 11 7 4 5 2 3 0 1 3 0 0 0 0 0 0 0 0 0 0 0 0 0 
0 0 0 0 0 0 0 0 0 0 0 0 0 0 0 0 0 0 0 1 1 0 2 1 3 1 3 8 6 8 11 14 15 29 33 31 51 52 69 72 112 128 154 196 284 328 404 510 667 889 1081 964 1046 1004 954 912 793 671 636 560 512 403 345 282 222 185 171 138 97 77 67 50 43 33 30 24 11 12 4 8 2 2 4 5 5 0 2 0 0 0 0 0 0 0 0 0 0 0 0 0 
0 0 0 0 0 0 0 0 0 0 0 0 0 0 0 0 0 0 0 0 0 0 1 0 2 2 3 6 9 7 10 16 9 23 24 31 52 42 68 80 84 108 162 196 247 333 406 498 640 944 1159 1227 1080 1052 972 891 797 743 657 558 527 378 373 282 249 202 168 149 109 77 82 64 52 34 31 28 13 14 14 8 6 7 4 5 1 1 0 1 1 0 0 0 0 0 0 0 0 0 0 0 
0 0 0 0 0 0 0 0 0 0 0 0 0 0 0 0 1 0 0 1 0 2 0 0 1 3 3 10 5 9 13 18 21 16 25 29 38 50 78 77 102 114 173 191 249 320 386 494 666 874 1131 1206 1194 1026 945 897 825 690 632 556 447 386 351 269 259 244 180 169 124 99 88 70 40 37 35 29 19 18 12 7 6 5 3 3 6 0 1 1 2 0 0 0 0 0 0 0 0 0 0 0 
0 0 0 0 0 0 0 0 0 0 0 0 0 0 0 0 0 0 0 1 1 0 0 1 3 5 2 3 8 4 9 14 16 21 24 23 35 46 62 66 75 106 141 157 242 297 357 476 629 925 1056 1132 1223 1030 964 881 833 737 623 605 488 389 324 301 263 199 176 147 108 127 99 67 51 51 37 35 21 19 15 11 7 8 4 1 1 0 0 2 1 0 0 0 1 0 0 0 0 0 0 0 
0 0 0 0 0 0 0 0 0 0 0 0 0 0 0 0 0 0 1 0 0 0 0 0 1 3 1 6 3 8 2 18 10 14 21 27 41 32 42 75 76 105 135 157 219 244 326 524 668 839 1007 1081 1174 1062 1026 872 819 743 649 577 457 422 363 293 252 224 175 134 127 129 75 71 70 43 44 33 27 24 13 28 11 4 7 2 4 2 1 0 1 1 0 0 0 0 0 0 0 0 0 0 
0 0 0 0 0 0 0 0 0 0 0 0 0 0 0 0 0 0 1 0 0 1 1 0 2 3 5 3 3 0 11 13 17 21 27 21 32 31 45 58 75 134 114 172 211 286 318 508 601 743 1092 1034 1131 1066 932 921 849 764 659 639 468 404 303 292 243 188 170 140 116 111 89 64 48 51 39 31 24 22 24 16 9 5 7 6 7 0 2 0 0 1 0 0 0 2 0 0 0 0 0 0 
0 0 0 0 0 0 0 0 0 0 0 0 0 0 0 0 0 0 0 0 0 0 1 2 2 1 0 2 3 5 7 6 8 16 21 19 31 32 38 47 64 89 89 118 217 248 305 471 583 714 1099 938 1135 1015 935 957 906 765 704 617 437 384 269 284 263 197 158 156 133 127 86 76 69 57 51 41 31 29 21 23 15 5 4 7 8 7 3 1 2 0 0 0 0 0 0 0 0 0 0 0 
0 0 0 0 0 0 0 0 0 0 0 0 0 0 0 0 0 0 0 0 0 1 0 4 0 0 3 6 3 0 7 13 5 14 10 12 28 25 37 35 55 75 104 134 188 215 317 423 549 733 912 960 1049 1035 962 930 815 801 709 599 449 357 279 316 227 225 180 143 148 125 107 76 74 55 37 37 36 25 14 13 14 15 9 4 3 2 3 1 1 0 0 0 0 0 0 1 0 0 0 0 
0 0 0 0 0 0 0 0 0 0 0 0 0 0 0 0 0 0 0 0 0 0 1 1 0 2 3 1 5 5 3 6 14 7 14 11 18 29 30 32 34 64 122 109 155 248 285 419 500 708 908 911 916 972 967 984 849 792 708 611 509 349 346 297 273 182 170 146 120 108 100 91 57 77 43 47 30 24 19 21 23 7 6 5 4 2 2 3 2 0 0 0 0 0 0 0 0 0 0 0 
0 0 0 0 0 0 0 0 0 0 0 0 0 0 0 0 0 0 0 0 0 0 0 0 0 1 0 2 3 4 1 3 8 8 13 12 23 24 23 29 28 56 79 102 174 205 298 421 538 592 708 874 876 881 884 993 815 791 738 632 496 411 351 274 253 207 197 162 154 141 96 66 64 52 46 38 27 21 18 12 11 11 7 3 5 3 5 2 4 0 0 0 0 0 1 0 0 0 0 0 
0 0 0 0 0 0 0 0 0 0 0 0 0 0 0 0 0 0 0 0 0 0 0 0 0 0 0 1 3 1 3 3 5 7 4 23 19 27 22 16 33 55 75 107 161 215 241 359 492 612 681 821 842 845 890 899 835 702 717 545 530 420 349 335 277 267 208 173 172 107 95 80 67 64 41 40 37 24 17 16 12 7 6 5 7 2 0 1 1 1 0 0 1 0 0 0 0 0 0 0 
0 0 0 0 0 0 0 0 0 0 0 0 0 0 0 0 0 0 0 0 0 0 0 0 0 0 0 1 1 3 3 0 3 5 3 8 12 33 16 16 26 42 67 88 174 209 234 247 392 583 638 672 798 815 885 883 791 669 678 535 508 424 377 328 298 230 221 199 144 114 98 93 69 48 49 37 35 31 30 15 14 15 7 2 4 7 1 4 3 2 0 0 0 1 0 0 0 0 0 0 
0 0 0 0 0 0 0 0 0 0 0 0 0 0 0 0 0 0 0 0 0 0 0 0 1 0 2 1 1 0 1 0 0 3 7 2 14 20 20 12 20 39 58 95 202 226 200 211 325 515 580 591 747 753 802 817 756 712 591 558 547 450 398 428 283 205 236 174 144 121 111 93 72 60 56 33 47 24 20 14 16 5 8 6 1 0 3 4 1 0 1 0 0 0 0 0 0 0 0 0 
0 0 0 0 0 0 0 0 0 0 0 0 0 0 0 0 0 0 0 0 0 0 0 0 1 0 1 0 1 1 0 0 2 2 3 3 12 14 36 20 22 32 57 105 184 213 216 230 302 465 454 564 719 754 814 799 701 663 628 541 516 407 421 381 317 251 237 181 145 123 106 69 75 62 53 35 33 35 21 17 11 12 9 5 4 1 2 1 1 0 0 0 0 0 0 0 0 0 0 0 
0 0 0 0 0 0 0 0 0 0 0 0 0 0 0 0 0 0 0 0 0 0 0 0 0 0 0 0 1 0 1 1 2 1 4 4 2 4 31 7 23 42 62 96 154 161 161 208 359 397 445 597 666 654 716 791 680 694 606 631 540 480 377 353 314 271 262 171 146 114 114 103 104 66 52 36 30 27 26 23 10 7 8 10 4 3 1 4 0 0 1 0 2 0 0 0 0 0 0 0 
0 0 0 0 0 0 0 0 0 0 0 0 0 0 0 0 0 0 0 0 0 0 0 0 0 0 0 0 0 0 0 1 2 2 2 1 5 6 31 12 22 44 37 94 106 119 165 175 282 411 440 479 598 678 685 726 720 676 574 537 540 456 425 419 374 321 231 237 164 129 125 89 76 56 62 41 24 21 24 14 15 14 7 6 5 8 3 3 3 0 0 0 0 0 0 0 0 0 0 0 
0 0 0 0 0 0 0 0 0 0 0 0 0 0 0 0 0 0 0 0 0 0 0 0 0 0 0 0 0 0 0 0 0 2 2 4 5 6 11 20 29 37 36 85 88 144 140 178 253 412 415 449 540 560 598 695 664 632 536 611 534 453 445 456 333 295 273 185 162 143 116 97 76 66 50 42 23 24 26 23 10 14 10 3 4 6 2 1 1 1 1 1 0 0 0 0 0 0 0 0 
0 0 0 0 0 0 0 0 0 0 0 0 0 0 0 0 0 0 0 0 0 0 0 0 0 0 0 0 0 0 0 1 0 3 1 3 7 6 14 22 33 32 41 59 92 107 145 179 243 362 403 435 525 552 576 571 596 621 599 549 522 481 465 389 386 305 256 215 161 147 96 86 75 67 56 50 27 26 24 21 13 9 6 12 10 5 4 3 4 0 2 0 0 0 0 0 1 0 0 0 
0 0 0 0 0 0 0 0 0 0 0 0 0 0 0 0 0 0 0 0 0 0 0 0 0 0 0 0 1 0 1 1 0 0 4 2 3 6 12 16 33 52 29 48 74 106 170 194 236 281 302 467 494 526 568 579 544 587 580 520 487 478 451 392 341 308 251 224 183 151 141 94 85 71 49 44 34 23 18 20 18 7 10 4 3 3 4 4 1 3 1 3 0 0 0 0 0 0 0 0 
0 0 0 0 0 0 0 0 0 0 0 0 0 0 0 0 0 0 1 0 0 0 0 0 0 0 0 0 1 0 0 1 2 0 0 3 3 9 8 10 18 29 55 40 71 78 139 209 219 245 305 398 523 508 533 551 586 576 552 533 473 400 419 369 313 260 229 224 173 160 131 81 64 73 51 42 36 30 24 21 11 13 8 8 7 7 2 0 2 0 0 0 1 0 0 0 0 0 0 0 
0 0 0 0 0 0 0 0 0 0 0 0 0 0 0 0 0 0 0 0 0 0 0 1 0 0 0 0 0 0 0 0 0 0 1 1 3 5 3 7 19 17 33 60 75 83 150 199 234 236 266 332 383 504 488 518 536 521 539 472 461 409 439 373 365 284 252 236 175 157 118 82 77 63 44 30 32 35 23 31 7 20 10 9 3 4 6 3 0 4 0 1 0 1 0 0 0 0 0 0 
0 0 0 0 0 0 0 0 0 0 0 0 0 0 0 0 0 0 0 0 0 0 0 0 0 0 0 0 0 0 0 0 0 0 1 0 2 6 5 6 18 16 26 32 59 100 147 119 187 214 247 304 374 380 443 477 465 472 464 431 479 415 384 337 304 258 246 202 166 165 118 93 80 67 43 40 40 22 27 17 12 6 9 5 5 6 7 1 0 1 1 1 0 0 0 0 0 0 0 0 
0 0 0 0 0 0 0 0 0 0 0 0 0 0 0 0 0 0 0 0 0 0 0 0 0 0 0 1 0 0 0 0 2 0 2 1 2 2 2 12 12 16 26 37 81 91 122 131 158 188 259 298 321 398 426 421 469 474 450 407 374 383 370 346 281 276 196 184 156 137 116 76 76 62 40 47 35 24 24 18 8 19 7 13 5 1 2 3 3 1 1 1 0 0 0 0 0 0 0 0 
0 0 0 0 0 0 0 0 0 0 0 0 0 0 0 0 0 0 0 0 0 0 0 0 0 0 0 0 0 0 0 0 0 2 0 1 2 2 8 10 14 13 22 42 61 94 94 100 124 169 189 280 304 329 340 371 466 422 392 405 374 352 336 335 248 251 209 188 123 112 92 98 81 68 53 40 27 28 31 23 11 11 11 12 4 6 3 3 4 1 1 2 0 0 0 0 0 0 0 0 
0 0 0 0 0 0 0 0 0 0 0 0 0 0 0 0 0 0 0 0 0 0 0 0 0 0 0 0 0 0 0 1 0 1 1 0 1 5 5 9 16 20 25 47 62 77 90 101 124 152 167 236 247 301 343 403 322 321 399 370 367 324 287 246 227 199 188 154 134 108 110 82 70 60 39 38 35 36 17 16 12 7 8 8 6 7 4 1 1 2 3 0 0 0 0 0 0 0 0 0 
0 0 0 0 0 0 0 0 0 0 0 0 0 0 0 0 0 0 0 0 0 0 0 0 0 0 0 0 0 0 0 0 0 2 1 2 2 3 7 12 16 18 21 41 53 62 81 95 119 121 151 192 225 228 299 283 343 363 338 287 305 289 231 234 193 158 155 139 105 109 101 75 46 52 40 29 34 27 20 14 9 7 9 6 1 4 6 2 2 0 1 0 0 1 0 1 0 0 0 0 
0 0 0 0 0 0 0 0 0 0 0 0 0 0 0 0 0 0 0 0 0 0 0 0 0 0 0 0 0 0 1 0 2 0 3 2 1 1 6 7 9 20 30 30 37 59 68 96 84 139 127 174 205 211 246 254 275 299 274 286 266 252 242 195 197 156 148 124 112 97 78 67 69 52 42 22 20 14 23 17 13 10 6 3 7 5 6 4 0 0 0 1 1 0 0 0 0 0 0 0 
0 0 0 0 0 0 0 0 0 0 0 0 0 0 0 0 0 0 0 0 0 0 0 0 0 0 0 0 0 0 0 0 2 0 2 2 1 4 6 5 15 5 23 35 47 36 64 85 99 110 123 148 137 172 215 214 240 272 215 249 217 218 201 163 157 122 139 101 88 82 74 59 65 35 24 31 23 18 18 8 7 9 6 5 3 3 1 2 4 2 0 0 1 0 1 1 0 0 0 0 
0 0 0 0 0 0 0 0 0 0 0 0 0 0 0 0 0 0 0 0 0 0 0 0 0 0 0 0 0 0 0 0 0 0 0 1 7 4 3 7 9 15 17 26 31 46 57 46 80 85 119 115 150 174 167 185 233 203 187 205 189 196 183 126 95 110 109 73 82 73 73 55 39 42 29 21 19 8 17 10 11 6 3 2 3 7 1 0 1 0 0 1 1 0 0 0 0 0 0 0 
0 0 0 0 0 0 0 0 0 0 0 0 0 0 0 0 0 0 0 0 0 0 0 0 0 0 0 0 0 0 0 1 0 2 1 1 2 4 7 5 8 19 13 13 28 29 58 56 71 80 88 107 109 151 149 172 169 183 182 170 160 164 140 127 102 90 75 84 72 49 41 36 40 25 15 16 12 14 9 4 7 7 4 0 1 4 2 0 2 0 0 1 0 0 0 0 0 0 0 0 
0 0 0 0 0 0 0 0 0 0 0 0 0 0 0 0 0 0 0 0 0 0 0 0 0 0 0 0 0 0 1 0 0 1 0 2 3 4 5 8 9 12 16 18 27 40 36 46 54 71 70 86 87 93 125 141 133 152 150 147 149 111 92 79 86 88 72 70 51 52 47 33 32 29 22 22 15 12 9 2 10 11 7 1 3 1 1 1 1 1 0 0 0 0 0 0 0 0 0 0 
0 0 0 0 0 0 0 0 0 0 0 0 0 0 0 0 0 0 0 0 0 0 0 0 0 0 1 0 0 0 1 1 1 0 1 0 3 0 2 5 3 8 13 13 22 34 43 44 48 62 61 69 77 90 90 98 101 115 114 110 111 111 102 86 76 85 60 54 48 43 37 27 15 22 19 12 10 11 13 8 8 4 7 3 1 3 2 2 0 0 1 0 0 0 0 0 0 0 0 0 
0 0 0 0 0 0 0 0 0 0 0 0 0 0 0 0 0 0 0 0 0 0 0 0 0 0 0 0 0 0 0 0 1 1 1 0 1 3 2 8 6 13 12 11 14 20 28 44 36 56 50 73 76 75 68 98 80 117 101 108 83 74 80 72 74 47 53 31 42 36 37 23 20 17 15 19 10 5 9 3 4 4 3 2 1 0 0 4 0 0 0 0 0 0 0 0 0 0 0 0 
0 0 0 0 0 0 0 0 0 0 0 0 0 0 0 0 0 0 0 0 0 0 0 0 0 0 0 0 0 0 0 0 0 0 0 0 1 1 4 3 7 5 9 16 19 15 27 22 44 53 47 58 54 63 55 67 78 81 83 83 73 72 67 55 59 43 34 42 38 26 32 20 17 7 16 12 9 9 4 6 5 2 5 2 3 1 1 3 0 0 0 0 0 0 0 0 0 0 0 0 
0 0 0 0 0 0 0 0 0 0 0 0 0 0 0 0 0 0 0 0 0 0 0 0 0 0 0 0 0 0 0 0 1 0 0 2 2 1 4 3 5 7 13 9 14 14 20 32 21 35 31 40 53 55 55 71 41 65 53 54 65 56 51 51 42 46 32 24 23 16 16 18 18 7 12 6 9 7 4 4 4 2 4 1 1 1 0 2 0 0 0 0 0 0 0 0 0 0 1 0 
0 0 0 0 0 0 0 0 0 0 0 0 0 0 0 0 0 0 0 0 0 0 0 0 0 0 0 0 0 0 0 0 1 0 1 3 1 3 2 2 3 8 4 11 16 11 14 30 24 26 30 45 38 38 40 50 38 54 51 46 47 35 45 34 27 33 33 23 22 17 15 18 13 11 11 10 12 4 4 4 1 0 2 1 0 2 2 0 1 0 0 0 0 0 0 0 0 0 0 0 
0 0 0 0 0 0 0 0 0 0 0 0 0 0 0 0 0 0 0 0 0 0 0 0 0 0 0 0 0 0 1 0 0 0 0 1 1 0 1 1 4 7 7 8 9 13 11 13 16 17 32 24 27 39 35 47 43 39 45 27 23 35 33 22 27 23 28 25 16 14 17 11 17 9 10 10 6 4 6 3 2 5 1 2 2 1 0 2 0 0 0 0 0 0 0 0 0 0 0 0 
0 0 0 0 0 0 0 0 0 0 0 0 0 0 0 0 0 0 0 0 0 0 0 0 0 0 0 0 0 0 0 0 0 0 0 1 0 1 2 2 0 4 3 5 11 8 9 13 25 9 25 23 17 35 25 24 33 29 32 27 27 23 17 20 11 20 11 10 10 12 13 7 11 13 4 5 5 9 4 2 3 3 0 1 2 0 2 1 0 0 0 0 0 0 0 0 0 0 0 0 
0 0 0 0 0 0 0 0 0 0 0 0 0 0 0 0 0 0 0 0 0 0 0 0 0 0 0 0 0 0 1 0 0 0 0 1 0 2 1 2 2 4 3 6 9 5 7 10 13 18 18 22 14 16 15 24 21 15 17 22 21 25 12 11 10 9 10 13 5 6 6 5 8 12 7 5 5 7 2 4 2 2 0 1 0 1 0 1 1 0 0 0 0 0 0 0 0 0 0 0 
0 0 0 0 0 0 0 0 0 0 0 0 0 0 0 0 0 0 0 0 0 0 0 0 0 0 0 0 0 0 0 0 1 0 0 0 1 0 0 1 1 1 5 3 7 8 5 6 5 7 12 15 11 10 8 20 24 18 13 16 7 10 13 11 7 9 9 6 9 5 7 6 7 3 7 6 1 4 3 2 0 1 3 0 1 1 1 0 0 0 0 0 0 0 0 0 0 0 0 0 
0 0 0 0 0 0 0 0 0 0 0 0 0 0 0 0 0 0 0 0 0 0 0 0 0 0 0 0 0 0 0 0 0 0 0 0 1 0 1 0 1 2 1 2 7 2 2 4 4 6 8 8 12 13 9 8 16 10 15 13 10 10 9 8 11 9 4 6 4 5 3 4 5 3 6 5 3 3 4 3 0 2 0 1 0 0 0 0 0 0 0 0 0 0 0 0 0 0 0 0 
0 0 0 0 0 0 0 0 0 0 0 0 0 0 0 0 0 0 0 0 0 0 0 0 0 0 0 0 0 0 0 0 0 0 0 0 0 0 0 1 0 1 5 2 0 4 3 2 4 7 7 1 9 8 9 7 6 16 13 12 5 5 12 6 6 6 8 7 4 5 5 2 8 8 1 3 4 1 1 2 1 1 1 0 0 1 0 0 0 0 0 0 0 0 0 0 0 0 0 0 
0 0 0 0 0 0 0 0 0 0 0 0 0 0 0 0 0 0 0 0 0 0 0 0 0 0 0 0 0 0 0 0 0 0 0 0 0 0 1 1 0 7 3 2 3 0 1 4 4 5 5 4 4 3 3 5 4 6 11 4 3 8 2 3 4 3 5 0 2 6 6 6 3 2 3 3 4 2 0 0 1 1 2 0 0 0 0 0 0 0 0 0 0 0 0 0 0 0 0 0 
0 0 0 0 0 0 0 0 0 0 0 0 0 0 0 0 0 0 0 0 0 0 0 0 0 0 0 0 0 0 0 0 0 0 0 0 0 0 0 2 0 0 1 1 2 0 3 5 2 2 6 1 0 4 5 2 5 6 3 6 4 2 4 4 3 3 3 2 4 3 7 0 5 1 2 1 0 4 1 0 1 1 0 1 0 0 0 1 0 0 0 0 0 0 0 0 0 0 0 0 
0 0 0 0 0 0 0 0 0 0 0 0 0 0 0 0 0 0 0 0 0 0 0 0 0 0 0 0 0 0 0 0 0 0 0 0 0 0 0 0 0 1 0 0 0 2 3 0 5 3 0 3 1 2 3 2 6 5 4 2 1 2 1 0 2 4 2 0 0 1 3 2 3 1 1 2 1 2 1 3 0 0 0 1 1 0 0 0 0 0 0 0 0 0 0 0 0 0 0 0 
0 0 0 0 0 0 0 0 0 0 0 0 0 0 0 0 0 0 0 0 0 0 0 0 0 0 0 0 0 0 0 0 0 0 0 0 0 0 0 0 0 0 1 0 0 0 0 3 1 1 1 2 4 4 0 2 3 2 3 3 1 0 3 1 2 1 5 0 3 2 0 2 2 0 0 1 2 0 1 0 1 0 0 0 1 0 0 0 0 0 0 0 0 0 0 0 0 0 0 0 
0 0 0 0 0 0 0 0 0 0 0 0 0 0 0 0 0 0 0 0 0 0 0 0 0 0 0 0 0 0 0 0 0 0 0 0 0 0 0 0 1 0 0 0 0 1 0 2 1 2 1 1 1 2 2 0 1 0 1 0 1 1 0 1 1 4 1 1 1 1 1 0 0 0 1 0 1 1 1 0 0 0 0 0 0 0 0 0 0 0 0 0 0 0 0 0 0 0 0 0 
0 0 0 0 0 0 0 0 0 0 0 0 0 0 0 0 0 0 0 0 0 0 0 0 0 0 0 0 0 0 0 0 0 0 0 0 0 0 0 0 0 0 0 0 0 0 0 1 1 0 0 1 0 3 1 2 1 0 0 0 2 0 0 1 0 0 0 1 0 0 0 0 0 1 1 0 0 0 0 0 0 1 0 0 0 0 0 0 0 0 0 0 0 0 0 0 0 0 0 0 
0 0 0 0 0 0 0 0 0 0 0 0 0 0 0 0 0 0 0 0 0 0 0 0 0 0 0 0 0 0 0 0 0 0 0 0 0 0 0 0 0 0 1 0 0 1 0 0 0 0 0 0 0 0 0 0 1 1 0 2 0 0 0 1 0 0 1 1 0 0 2 1 1 0 1 3 0 0 0 0 0 0 1 0 0 0 0 0 0 0 0 0 0 0 0 0 0 0 0 0 
0 0 0 0 0 0 0 0 0 0 0 0 0 0 0 0 0 0 0 0 0 0 0 0 0 0 0 0 0 0 0 0 0 0 0 0 0 0 0 0 0 0 1 0 0 1 0 1 1 1 0 1 1 0 0 0 0 0 1 0 0 0 2 0 3 1 0 1 0 1 0 0 0 1 1 0 0 0 0 0 1 1 1 0 0 0 0 0 0 0 0 0 0 0 0 0 0 0 0 0 
