0 0 0 0 0 0 0 0 0 0 0 0 0 0 0 0 0 0 0 0 0 0 0 0 0 0 0 100 0 100 100 0 0 0 0 0 0 100 0 0 100 0 0 0 0 100 100 100 200 200 200 200 0 100 100 100 0 300 0 100 0 0 0 100 0 100 0 0 0 0 0 0 0 0 0 0 0 0 0 0 0 0 0 0 0 0 0 0 0 0 0 0 0 0 0 0 0 0 0 0 
0 0 0 0 0 0 0 0 0 0 0 0 0 0 0 0 0 0 0 0 0 0 200 0 0 0 0 0 0 0 0 200 100 0 100 0 100 100 0 0 200 0 100 200 0 100 200 0 100 200 0 100 100 0 200 100 0 300 0 200 0 100 0 0 0 0 0 0 0 0 0 0 0 0 0 0 0 0 0 0 0 0 0 0 0 0 0 0 0 0 0 0 0 0 0 0 0 0 0 0 
0 0 0 0 0 0 0 0 0 0 0 0 0 0 0 0 0 0 0 0 0 0 0 0 0 0 0 0 0 0 0 0 200 0 0 100 100 200 0 200 200 100 100 0 200 500 200 300 100 200 400 400 100 200 100 0 200 200 0 0 0 200 0 0 0 0 0 0 0 0 0 0 0 0 0 0 0 0 0 0 0 0 0 0 0 0 0 0 0 0 0 0 0 0 0 0 0 0 0 0 
0 0 0 0 0 0 0 0 0 0 0 0 0 0 0 0 0 0 0 0 0 0 0 0 100 0 0 0 100 100 0 100 200 100 300 100 0 0 100 300 0 200 0 200 300 100 400 0 300 200 400 300 100 0 0 200 100 100 200 0 0 100 0 0 0 0 0 0 0 0 0 100 0 0 0 0 0 0 0 0 0 0 0 0 0 0 0 0 0 0 0 0 0 0 0 0 0 0 0 0 
0 0 0 0 0 0 0 0 0 0 0 0 0 0 100 0 0 0 0 0 100 0 0 0 0 0 0 0 0 100 100 0 200 0 200 100 0 100 200 200 500 100 400 100 200 200 400 200 200 500 300 100 200 100 400 200 100 0 100 100 100 300 100 0 0 0 0 100 0 0 100 0 0 0 0 0 0 0 0 0 0 0 0 0 0 0 0 0 0 0 0 0 0 0 0 0 0 0 0 0 
0 0 0 0 0 0 0 0 0 0 0 0 0 0 0 0 0 0 0 0 0 0 0 100 0 0 0 0 100 0 100 100 300 100 100 400 200 200 0 0 300 200 500 300 500 700 400 600 800 200 200 800 100 200 400 200 0 100 100 200 0 0 100 0 0 100 0 0 0 100 0 0 0 0 0 0 0 0 0 0 0 0 0 0 0 0 0 0 0 0 0 0 0 0 0 0 0 0 0 0 
0 0 0 0 0 0 0 0 0 0 0 0 0 0 0 0 0 0 100 0 0 0 0 0 100 0 0 200 200 200 100 300 100 0 300 300 300 100 600 400 400 800 100 900 300 200 300 500 500 400 500 600 600 400 100 500 300 0 200 0 100 100 0 0 100 100 100 0 0 0 0 0 0 0 0 0 0 0 0 0 0 0 0 0 0 0 0 0 0 0 0 0 0 0 0 0 0 0 0 0 
0 0 0 0 0 0 0 0 0 0 0 0 0 0 0 0 0 0 0 0 0 100 0 100 0 0 0 0 0 100 0 0 200 600 400 100 600 400 600 400 200 700 300 300 400 500 400 700 700 400 500 400 300 500 500 100 0 0 100 300 0 300 100 0 0 0 0 0 0 0 0 0 0 0 0 0 0 0 0 0 0 0 0 0 0 0 0 0 0 0 0 0 0 0 0 0 0 0 0 0 
0 0 0 0 0 0 0 0 0 0 0 0 0 0 0 0 0 0 0 0 0 0 100 100 100 200 200 0 0 0 200 100 400 300 400 100 800 300 600 0 500 700 400 500 500 600 400 100 800 100 600 300 700 400 500 300 0 300 100 100 200 500 100 0 100 0 0 100 100 0 100 0 0 0 0 0 0 0 0 0 0 0 0 0 0 0 0 0 0 0 0 0 0 0 0 0 0 0 0 0 
0 0 0 0 0 0 0 0 0 0 0 0 0 0 0 0 0 0 100 100 0 0 0 0 0 0 200 100 0 100 200 300 400 0 100 200 300 600 400 1000 800 500 400 600 1000 500 500 700 700 700 600 600 400 300 200 500 400 0 300 300 200 100 400 0 0 0 0 100 0 0 0 0 0 0 0 0 0 0 0 0 0 0 0 0 0 0 0 0 0 0 0 0 0 0 0 0 0 0 0 0 
0 0 0 0 0 0 0 0 0 0 0 0 0 0 0 0 100 0 0 0 0 0 0 0 100 300 0 100 100 200 100 300 200 100 400 400 400 1000 300 800 800 900 1000 900 800 400 1000 900 800 900 600 1100 700 500 200 300 100 300 400 200 200 100 100 100 0 100 0 200 100 0 100 0 0 0 0 0 0 0 0 0 0 0 0 0 0 0 0 0 0 0 0 0 0 0 0 0 0 0 0 0 
0 0 0 0 0 0 0 0 0 0 0 0 0 0 0 0 0 0 0 100 0 0 0 100 0 0 0 100 0 0 200 200 200 300 1000 100 400 600 400 500 1800 1100 800 700 900 400 1200 700 400 1100 900 100 200 700 600 400 300 400 100 200 100 300 100 100 0 100 0 0 0 100 0 0 0 0 0 100 0 0 0 0 0 0 0 0 0 0 0 0 0 0 0 0 0 0 0 0 0 0 0 0 
0 0 0 0 0 0 0 0 0 0 0 0 0 0 0 0 0 0 100 0 0 0 100 0 100 0 0 0 300 0 100 400 700 200 300 300 500 300 500 500 600 500 1100 1500 1000 900 500 1200 1300 800 1100 1200 1000 300 100 700 300 100 300 200 100 0 100 0 100 100 100 0 0 0 0 0 0 0 0 0 0 0 0 0 0 0 0 0 0 0 0 0 0 0 0 0 0 0 0 0 0 0 0 0 
0 0 0 0 0 0 0 0 0 0 0 0 0 0 0 0 0 0 0 0 100 0 100 100 0 0 100 100 100 200 100 300 200 700 400 500 900 1100 600 700 800 800 1000 1200 900 900 1100 900 1100 500 1200 600 800 700 900 200 600 400 400 500 400 400 200 200 0 200 0 100 100 0 0 0 100 0 0 0 0 0 0 0 0 0 0 0 0 0 0 0 0 0 0 0 0 0 0 0 0 0 0 0 
0 0 0 0 0 0 0 0 0 0 0 0 0 0 0 0 0 0 0 0 0 100 0 100 0 100 200 0 200 200 100 400 300 200 600 400 600 600 900 1400 600 700 1100 1000 1000 1600 1700 900 1400 1300 1200 1000 500 400 800 1200 500 400 400 100 300 300 200 100 100 300 0 0 100 0 0 0 0 0 0 0 0 0 0 0 0 0 0 0 0 0 0 0 0 0 0 0 0 0 0 0 0 0 0 0 
0 0 0 0 0 0 0 0 0 0 0 0 0 0 0 0 0 0 100 100 0 0 0 100 0 300 100 100 300 400 200 0 500 600 400 600 600 800 700 600 700 800 1800 600 800 1200 1300 1100 800 1100 1000 1100 900 1200 600 1100 400 100 300 400 100 100 100 200 0 0 0 100 100 0 0 0 0 0 0 0 100 0 0 0 0 0 0 0 0 0 0 0 0 0 0 0 0 0 0 0 0 0 0 0 
0 0 0 0 0 0 0 0 0 0 0 0 0 0 0 0 0 0 0 0 200 0 0 200 100 0 300 0 100 0 400 1000 800 500 500 700 800 600 500 300 1100 1200 1600 600 1100 1600 1300 1400 1000 800 1100 1500 700 700 1500 900 100 500 400 600 100 200 300 0 100 200 0 100 100 100 0 0 100 0 0 0 0 0 100 0 0 0 0 100 0 0 0 0 0 0 0 0 0 0 0 0 0 0 0 0 
0 0 0 0 0 0 0 0 0 0 0 0 0 0 0 0 0 0 0 100 0 100 0 0 0 0 0 100 300 500 300 400 200 700 700 900 800 800 700 700 500 1200 1200 2000 1400 2000 1500 1200 1200 1500 1300 700 800 1100 500 400 300 500 400 200 200 100 100 100 200 100 100 0 100 0 100 100 0 0 0 100 0 0 0 0 0 0 0 0 0 0 0 0 0 0 0 0 0 0 0 0 0 0 0 0 
0 0 0 0 0 0 0 0 0 0 0 0 0 100 0 0 0 0 0 0 0 100 0 0 100 0 100 200 200 100 500 400 1000 300 900 800 300 1300 1000 1100 1500 1300 2000 1200 1400 1700 2100 1700 900 900 1800 900 1200 900 500 1000 600 400 200 400 300 300 200 200 200 100 100 200 100 200 0 0 100 100 100 0 100 0 0 0 100 0 0 0 0 0 0 0 0 0 0 0 0 0 0 0 0 0 0 0 
0 0 0 0 0 0 0 0 0 0 0 0 0 0 0 0 100 0 0 0 100 0 100 100 100 0 0 0 300 500 500 200 700 200 200 400 800 700 600 700 1300 1000 1200 1600 1200 1500 1400 1100 1200 1400 600 1500 800 600 900 1000 600 300 200 200 300 200 300 0 0 100 100 0 0 200 0 0 100 0 0 100 0 0 0 0 0 0 0 0 0 0 0 0 0 0 0 0 0 0 0 0 0 0 0 0 
0 0 0 0 0 0 0 0 0 0 0 100 0 0 0 0 0 0 0 0 0 100 200 100 0 100 0 200 0 0 400 200 100 500 500 1300 900 1400 1500 1100 1200 900 2100 1000 1900 1200 2400 1800 1500 1000 1100 1500 600 700 600 800 400 400 200 800 100 200 100 300 0 100 100 200 200 0 100 100 200 100 0 0 100 0 0 0 0 0 0 0 0 0 0 0 0 0 0 0 0 0 0 0 0 0 0 0 
0 0 0 0 0 0 0 0 0 0 0 0 0 0 0 0 0 0 0 0 100 100 0 0 200 100 200 100 0 200 200 400 300 400 400 500 1400 1100 800 800 1100 1300 1800 1600 900 1400 2300 2000 1300 1700 1200 800 1500 1300 1100 200 700 400 400 200 400 500 300 0 100 400 200 100 0 100 0 100 0 100 0 0 0 200 0 100 0 0 0 0 0 0 0 0 0 0 0 0 0 0 0 0 0 0 0 0 
0 0 0 0 0 0 0 0 0 0 0 0 0 100 0 0 0 0 0 0 0 0 200 200 300 0 200 0 500 100 300 300 100 200 500 700 1400 1000 700 1600 1200 1400 2100 1300 1200 2300 1600 1600 1700 1400 700 800 1400 900 700 1100 600 400 500 200 200 500 200 300 100 200 400 400 100 200 0 0 100 0 200 100 0 100 0 0 0 0 0 100 0 0 0 0 0 0 0 0 0 0 0 0 0 0 0 0 
0 0 0 0 0 0 0 0 0 0 0 0 0 0 0 100 0 0 0 0 100 0 100 0 0 0 100 100 0 100 300 200 500 100 500 500 500 900 900 1500 1700 500 1300 1200 1200 1100 1200 1500 1600 1800 1700 1300 1300 1000 1200 500 800 600 500 700 400 300 300 0 200 200 200 300 0 200 300 200 100 0 100 0 0 200 0 0 0 0 0 0 0 0 0 0 100 0 0 0 0 0 0 0 0 0 0 0 
0 0 0 0 0 0 0 0 0 0 0 0 0 0 0 0 0 0 0 0 0 0 0 0 0 100 100 0 100 0 200 100 600 200 300 600 700 1300 1100 500 1000 1400 1800 1400 1600 1600 1200 1900 2000 1300 1700 1100 600 1200 900 800 600 700 300 300 300 300 200 300 400 600 300 100 200 200 100 0 200 200 200 0 100 0 0 0 0 0 0 0 0 0 0 0 0 0 0 0 0 0 0 0 0 0 0 0 
0 0 0 0 0 0 0 0 0 0 0 0 0 0 0 0 0 0 0 0 0 0 200 0 0 100 200 200 0 0 400 100 200 400 400 400 500 700 700 1400 1200 800 1500 1500 1400 1900 2000 1400 1700 2100 1200 1300 800 900 600 900 1000 500 600 500 400 300 100 600 400 600 200 100 100 300 100 0 0 200 200 300 100 0 0 0 0 0 0 100 0 100 0 0 0 0 0 0 0 0 0 0 0 0 0 0 
0 0 0 0 0 0 0 0 0 0 0 0 0 0 0 0 0 0 0 0 0 0 0 100 100 200 100 100 200 300 0 200 200 500 600 600 800 400 300 1100 800 1000 1600 2000 1100 1400 1300 1700 1000 1600 900 1500 1100 1100 700 900 800 600 700 500 1300 1400 400 300 700 100 200 100 0 200 100 0 100 400 100 200 100 100 0 100 0 200 0 100 0 0 0 0 0 0 0 0 0 0 0 0 0 0 0 0 
0 0 0 0 0 0 0 0 0 0 0 0 0 0 0 0 0 0 0 0 100 0 0 100 0 100 200 200 200 100 200 400 400 500 400 900 800 500 600 800 1000 1100 800 2400 1300 1600 1500 2200 2100 2200 1600 900 1100 400 1300 400 1200 1200 500 100 300 400 600 700 400 400 300 600 400 500 0 200 300 100 0 100 200 0 100 0 0 200 0 0 0 0 0 0 0 0 0 0 0 0 0 0 0 0 0 0 
0 0 0 0 0 0 0 0 0 0 0 0 0 0 0 0 0 0 0 0 0 0 0 0 200 0 100 100 0 200 600 100 300 200 700 900 300 400 700 500 600 1200 900 2000 900 1500 1400 2700 1300 1600 1800 1900 1600 1500 1500 1000 1400 500 400 1000 400 900 300 400 300 500 400 600 200 200 100 200 300 200 100 300 0 0 200 100 100 0 0 100 0 0 0 0 0 100 0 0 0 0 0 0 0 0 0 0 
0 0 0 0 0 0 0 0 0 0 0 0 0 0 0 0 0 0 0 0 0 0 0 0 100 100 0 0 0 200 300 100 100 500 300 200 400 300 1300 1100 700 1200 2000 1200 1100 1100 1200 2200 800 1400 1800 1900 1700 1700 1500 1100 1300 1200 500 700 1200 600 700 800 1000 600 400 500 400 300 300 300 300 700 200 300 200 100 200 100 0 300 0 0 0 0 0 0 0 0 0 0 0 0 0 0 0 0 0 0 
0 0 0 0 0 0 0 0 0 0 0 100 0 0 0 0 0 0 0 100 0 0 0 200 100 0 200 100 200 200 200 600 200 100 700 400 400 400 500 1000 800 1500 1500 1500 2300 1800 2700 2100 1900 1200 2100 1300 2200 2600 2300 1200 500 1000 900 800 500 600 600 500 600 800 200 800 300 700 100 300 400 600 0 200 200 100 100 100 0 100 0 0 0 0 0 0 0 0 0 0 0 0 0 0 0 0 0 0 
0 0 0 0 0 0 0 0 0 0 0 0 0 0 0 0 0 0 0 0 100 0 0 0 0 100 0 0 200 200 200 0 500 600 300 500 300 500 800 700 600 1500 1800 1800 1300 1500 1500 2000 2800 2300 2500 2100 2100 2000 2300 2100 2100 1100 1300 700 900 1300 1000 700 700 1100 600 500 400 300 200 500 400 300 400 100 300 300 0 0 0 200 0 0 0 0 0 0 0 0 0 0 0 0 0 0 0 0 0 0 
0 0 0 0 0 0 0 0 0 0 0 0 0 0 0 0 0 0 0 0 100 0 0 0 0 100 0 0 0 200 400 100 300 200 0 600 500 1000 1000 1500 900 1300 1300 2400 2100 2000 2300 2300 2700 2200 2600 2300 2500 2500 2300 2100 1200 1000 1800 1000 1100 800 600 400 400 1800 1300 800 600 500 500 400 400 200 400 100 200 0 100 100 100 300 200 100 0 100 0 100 0 0 0 0 0 0 0 0 0 0 0 0 
0 0 0 0 0 0 0 0 0 0 0 0 0 0 0 0 0 0 0 0 100 0 0 0 0 0 0 0 0 100 100 400 300 400 500 300 400 800 1200 1200 900 1200 1600 1900 1900 2400 2200 2700 3800 3600 2800 2400 2900 2100 2500 2000 2200 2100 1000 900 1100 1200 1300 1400 900 1200 500 800 600 700 600 800 700 400 900 200 300 300 300 100 200 0 100 0 100 0 0 0 0 100 0 0 0 0 0 0 0 0 0 0 
0 0 0 0 0 0 0 0 0 0 0 0 0 0 0 0 0 0 0 0 0 0 0 0 0 0 0 100 100 200 0 300 200 200 200 600 300 500 1500 1000 1200 2000 600 2600 3000 2500 1800 3300 3600 3500 3000 2300 2300 3200 2900 2100 1900 1900 1700 1400 1400 1300 1500 1000 1200 1200 600 1100 700 700 700 600 100 1200 500 100 200 200 0 0 400 100 0 0 0 0 0 0 0 0 0 100 0 100 0 0 0 0 0 0 
0 0 0 0 0 0 0 0 0 0 0 0 0 0 0 0 0 0 0 0 0 0 0 0 0 0 100 0 0 300 100 200 300 400 700 400 900 1400 500 500 1200 1500 1800 2500 3000 2500 3000 2900 3300 4500 5000 4500 4000 3100 1800 2400 3200 2600 1500 700 1300 1800 1300 1100 1200 1000 700 700 800 800 600 300 400 400 500 500 400 0 200 100 0 100 0 0 0 300 100 0 0 0 0 0 0 0 0 0 0 0 0 0 
0 0 0 0 0 0 0 0 0 0 0 0 0 0 0 0 0 0 0 0 0 0 100 0 0 0 100 100 100 100 0 100 100 300 500 200 1000 800 800 1800 1700 1600 2400 2000 2900 2800 3900 3500 4300 3300 4300 5200 3700 3800 3700 2800 2300 1200 1700 2000 1700 1700 300 1200 1300 1300 1000 1100 1000 700 600 900 400 500 400 200 200 300 400 0 300 0 0 100 0 100 0 0 100 0 100 0 0 0 0 0 0 0 0 0 
0 0 0 0 0 0 0 0 0 0 0 0 0 0 0 0 0 0 0 0 0 100 0 0 0 0 100 100 100 300 0 200 500 400 600 700 1000 400 1400 1900 1000 1900 2800 3500 2600 3100 2900 5700 3400 5400 5200 5400 4400 3600 4300 2500 2400 1600 2500 1600 1600 2000 1700 1100 1300 600 1000 700 1100 500 500 900 600 400 700 600 200 400 200 200 200 200 200 200 0 0 100 0 0 0 0 0 0 0 0 0 0 0 0 0 
0 0 0 0 0 0 0 0 0 0 0 0 0 0 0 0 0 0 0 0 0 0 0 0 100 0 0 0 100 100 300 0 700 700 400 200 700 300 1800 1700 2200 1500 1900 2300 3400 3500 3800 5600 4800 5400 5600 5300 5000 6000 2800 2200 3000 2600 2100 2600 1600 1600 1400 1500 1400 900 1000 1100 500 1200 700 600 700 200 300 800 500 100 0 100 200 200 100 100 0 0 0 0 0 0 0 0 0 0 0 0 0 0 0 0 
0 0 0 0 0 0 0 0 0 0 0 0 0 0 0 0 0 0 0 0 100 0 0 0 0 100 100 0 0 100 200 200 400 0 1000 600 700 900 1200 1800 1600 2400 1600 1600 3200 4700 5600 6400 6000 6400 5300 6800 6400 5600 3600 3800 2800 2800 2700 2400 1700 1900 1800 1200 800 1100 1500 1200 1400 1600 1100 600 700 800 600 100 200 300 300 200 100 100 100 100 0 200 0 0 0 0 0 0 0 0 0 0 0 0 0 0 
0 0 0 0 0 0 0 0 0 0 0 0 0 0 0 0 0 0 0 0 0 0 0 0 100 100 0 100 200 0 300 300 400 100 300 500 400 1100 1400 1400 1600 1700 2900 3500 4000 4400 6600 6000 7600 7100 6900 6800 6300 5400 4200 3400 4100 2200 3500 1800 2400 1400 1500 1200 1900 1100 1300 900 900 1100 400 1000 700 700 400 600 300 200 0 200 100 200 0 100 0 0 0 0 0 0 0 0 0 0 0 0 0 0 0 0 
0 0 0 0 0 0 0 0 0 0 0 0 0 0 0 0 0 0 0 0 0 0 0 100 0 0 100 200 200 300 200 300 400 400 800 600 1200 1500 1500 1700 1700 3500 3600 5600 3900 4900 5500 7100 7500 8400 6300 6500 7100 5000 4400 3200 2100 2800 2600 2600 1900 1600 1900 1700 1800 800 1300 700 1000 700 800 800 300 500 200 400 300 300 0 100 0 100 0 100 0 0 0 0 100 0 0 0 0 0 0 0 0 0 100 0 
0 0 0 0 0 0 0 0 0 0 0 0 0 0 0 0 0 200 0 0 0 0 0 0 0 100 100 100 100 100 200 700 500 300 700 600 600 1300 1200 1700 2400 2400 2900 3900 4900 4200 6500 6500 8200 8100 8300 6900 6400 4600 4400 2800 3000 1400 2200 1800 1600 2200 2700 1400 1800 1200 1600 900 1000 1300 700 300 300 500 200 200 100 300 100 0 200 0 200 100 0 100 0 0 0 0 0 0 0 0 0 0 0 0 0 0 
0 0 0 0 0 0 0 0 0 0 0 0 0 0 0 0 0 0 0 0 100 100 100 200 0 200 100 0 100 100 100 300 100 600 1100 1000 900 800 1800 2300 1700 2900 2100 2700 3000 3600 6600 6500 7600 7400 8500 7400 6000 5200 2800 2700 2500 1800 2900 2100 1600 1700 1800 700 1300 1500 1000 800 1400 500 800 800 600 400 300 300 400 300 300 100 0 100 0 100 300 100 100 100 0 0 0 0 0 0 0 0 0 0 0 0 
0 0 0 0 0 0 0 0 0 0 0 0 0 0 0 0 0 0 0 0 100 0 100 200 0 100 100 200 200 100 200 400 400 200 800 800 600 800 1500 1900 2200 4200 4000 3800 5000 6000 5900 6800 7000 9300 8700 7000 6800 4100 4700 2500 3200 2300 2300 2200 2700 1600 1600 1500 1700 700 1000 500 1000 900 1000 700 700 800 600 300 0 500 100 200 100 0 100 0 0 0 100 0 0 0 0 0 0 0 0 0 0 0 0 0 
0 0 0 0 0 0 0 0 0 0 0 0 0 0 0 0 0 0 0 0 0 0 0 100 0 0 0 100 100 0 400 500 600 700 900 400 800 900 1300 1500 2100 2000 3000 3500 4400 5300 7100 7000 7800 9300 9700 6800 5000 3100 3400 3000 1700 2500 3100 1500 1000 1400 1700 1400 1000 1500 1300 700 1000 400 400 400 1000 700 500 800 100 100 0 200 0 0 300 200 0 100 200 0 100 0 0 0 0 0 0 0 0 0 0 0 
0 0 0 0 0 0 0 0 0 0 0 0 0 0 0 0 0 0 0 0 0 0 0 100 100 0 100 200 0 100 500 300 400 800 700 500 1400 900 2100 1700 2200 2500 2900 2800 4900 7000 4800 6800 7900 10700 6900 7500 4700 3300 4000 3200 2400 1800 2900 2100 1700 2400 1700 1800 2000 1200 1100 1100 1000 800 900 300 600 300 200 300 100 300 100 300 0 0 0 0 100 100 0 0 0 0 0 0 0 0 100 0 0 0 0 0 
0 0 0 0 0 0 0 0 0 0 0 0 0 0 0 0 0 0 0 0 0 0 0 0 0 200 0 0 0 200 200 400 800 800 700 900 900 1800 1800 1600 3300 2800 3400 4200 5800 6000 6000 6800 8700 9700 6200 5500 4300 3100 2700 2800 1200 2800 1600 2300 1800 2000 1600 1100 1200 800 200 1200 600 900 700 300 600 400 100 300 200 400 100 100 300 0 0 0 0 200 0 0 200 100 0 0 0 200 0 0 0 0 0 0 
0 0 0 0 0 0 0 0 0 0 0 0 0 0 0 0 100 0 0 0 0 0 0 0 200 0 100 200 300 300 200 100 500 700 300 700 700 2000 1800 2000 2700 3000 4400 3900 5100 4400 7800 6900 8100 9300 7500 4400 3800 2500 3400 1900 2700 2000 2000 1400 800 1000 1800 1000 1000 1600 1300 1000 1000 300 600 400 100 400 300 200 0 400 0 100 100 200 100 100 0 0 100 100 0 100 0 100 0 0 0 0 0 0 0 0 
0 0 0 0 0 0 0 0 0 0 0 0 0 0 0 0 100 0 0 0 0 0 100 100 0 0 0 300 400 200 300 600 900 300 600 700 900 1700 2400 1400 2800 3000 3900 3800 4800 4200 5800 5800 9000 6901 6100 5300 4100 3100 2600 3100 2600 1800 1800 1500 1400 1500 1100 1900 800 900 900 900 400 500 900 400 400 600 400 400 0 200 200 0 100 0 0 0 100 200 0 100 0 0 100 0 0 0 0 0 0 0 0 100 
0 0 0 0 0 0 0 0 0 0 0 0 0 0 0 0 0 0 0 0 0 0 0 0 0 0 0 300 100 100 300 500 700 700 800 1000 600 1700 1700 1900 2400 2500 2400 4800 5100 4300 5600 7800 6700 6600 5000 3500 2300 1800 2700 1600 2500 1400 1400 900 900 2100 1400 1300 1100 1000 900 600 600 800 500 300 400 600 200 200 300 200 100 0 100 500 400 100 200 300 100 0 200 100 0 0 0 0 0 0 0 0 0 0 
0 0 0 0 0 0 0 0 0 0 0 0 0 0 0 0 0 0 0 0 0 0 0 0 0 0 100 200 100 500 400 200 200 300 900 1100 1700 1200 1700 2500 2400 3000 3800 2700 3400 4700 5600 5100 6400 6900 4400 2400 3500 2100 1900 2100 1500 1100 1600 1300 1300 1000 1300 1200 1200 1100 700 600 100 400 200 500 400 0 100 100 300 200 0 200 400 100 0 400 0 0 100 100 0 200 0 0 0 0 100 0 0 0 0 0 
0 0 0 0 0 0 0 0 0 0 0 0 0 0 0 0 0 0 0 0 0 0 0 0 0 0 100 100 100 100 300 300 500 200 1200 600 600 1200 2400 2400 2300 3500 2700 3500 3800 4800 5300 5000 5500 5000 3000 3200 2200 1200 1400 2200 1000 1700 1000 1200 1200 1200 1000 1000 700 800 1000 1100 700 700 500 100 300 0 300 200 500 100 0 0 200 100 0 200 100 100 100 200 400 100 0 100 200 100 0 0 100 0 0 0 
0 0 0 0 0 0 0 0 0 0 0 0 0 0 0 0 0 0 0 0 200 0 0 100 0 100 100 200 200 0 0 400 200 1200 500 1000 1200 1900 1600 1800 2600 3800 3500 3700 4800 4300 5700 4300 5700 4000 3200 2400 2100 1200 1600 1500 1100 1200 900 800 1100 1100 1100 600 1100 1800 900 700 800 500 300 1200 300 0 500 200 500 300 300 0 300 0 100 100 200 100 100 100 100 0 200 200 200 0 200 100 0 0 0 0 
0 0 0 0 0 0 0 0 0 0 0 0 0 0 0 0 0 0 0 0 0 0 0 100 0 0 0 100 0 100 200 200 400 500 300 400 1300 900 1700 2200 2600 2400 2700 3500 4000 4600 3500 3600 4200 3000 3000 2600 2300 1700 1900 1200 1800 1500 500 1200 1000 1300 1700 1200 1300 800 1400 300 900 300 400 100 600 100 400 100 100 400 100 200 200 200 200 200 100 100 200 300 100 200 0 0 100 100 0 200 0 0 0 0 
0 0 0 0 0 0 0 0 0 0 0 0 0 0 0 0 0 0 0 0 0 0 0 0 0 0 200 200 100 400 100 500 700 700 800 700 900 1200 1400 2100 2400 1800 2500 3400 2600 3400 4100 3100 2900 2900 2500 1800 2300 700 1200 1800 1100 900 1000 1200 1500 1000 800 1300 1200 1700 700 1000 800 500 400 700 800 300 600 700 400 400 300 100 200 100 100 100 200 100 200 200 200 200 0 100 100 0 100 100 0 200 100 0 
0 0 0 0 0 0 0 0 0 0 0 0 0 0 0 0 0 0 0 0 0 0 0 200 100 0 200 100 0 200 100 700 100 500 700 700 800 1100 1000 1600 2100 1300 1600 2700 2900 2800 3600 2700 3500 2400 2400 1900 1200 1400 1800 1200 1100 1000 1200 1400 1200 1500 1500 2500 1600 900 900 800 1100 500 600 500 200 600 700 200 500 200 600 500 300 400 300 200 100 300 200 200 300 100 100 200 100 100 0 0 0 0 0 0 
0 0 0 0 0 0 0 0 0 0 0 0 0 0 0 0 0 0 0 0 0 0 0 0 0 100 100 100 0 100 200 300 200 100 700 400 1400 700 1200 1700 1400 2000 1100 2400 2200 2600 2100 2600 3100 1700 1700 1700 1400 1100 1200 1100 800 600 1400 900 1400 1800 1500 1500 1500 1200 1400 1300 700 1300 300 500 900 600 500 400 300 700 200 200 300 300 100 300 100 200 200 200 100 200 0 0 400 0 100 0 0 0 100 100 
0 0 0 0 0 0 0 0 0 0 0 0 0 0 0 0 0 0 0 0 0 0 100 0 0 0 100 0 100 100 200 0 200 200 300 800 800 1000 800 1100 1400 1800 2000 1600 2100 1700 3100 2800 1700 1700 1600 1500 1200 1100 1000 1400 1100 1100 1400 1300 2900 2000 2000 2100 2200 1800 1800 1100 1000 900 1000 700 1000 800 500 800 200 500 400 500 100 400 300 200 100 400 300 100 0 200 0 0 200 100 0 0 0 100 0 0 
0 0 0 0 0 0 0 0 0 0 0 0 0 0 0 0 0 0 0 0 0 0 0 0 0 0 100 0 100 0 100 100 0 100 400 300 1200 500 300 600 1400 1500 1400 1300 1400 1300 1200 800 1900 1600 900 1000 1000 900 700 900 400 1200 1900 1600 2400 2800 1500 1700 2600 1800 2000 900 1000 1200 600 1500 1300 300 500 400 600 800 600 400 100 600 0 100 100 500 200 100 200 500 0 100 0 0 0 100 100 0 100 100 
0 0 0 0 0 0 0 0 0 0 0 0 0 0 0 0 0 0 0 0 0 0 100 0 100 0 0 0 0 100 100 400 0 100 100 500 400 400 700 800 200 1000 1000 1200 1800 1300 1100 1100 2000 1700 1500 1200 1100 900 600 1000 900 800 1300 2200 2200 2800 2700 2100 2500 1700 2800 1300 1200 1100 800 1300 1100 900 1200 800 500 500 700 400 400 400 600 100 200 200 100 100 300 200 300 100 100 0 0 0 100 0 200 100 
0 0 0 0 0 0 0 0 0 0 0 0 0 0 0 0 0 0 0 0 0 0 0 0 0 0 100 0 0 100 0 100 0 200 400 300 200 800 500 800 700 800 700 1100 1100 1300 1800 1100 1200 800 800 1700 1300 1000 800 1200 1400 1100 1800 2500 2600 2600 2500 2800 2200 3200 1900 1700 1900 1700 900 1000 1400 800 900 1000 600 200 1000 600 400 500 400 800 500 400 300 300 100 300 400 100 0 0 100 0 0 0 0 100 
0 0 0 0 0 0 0 0 0 0 0 0 0 0 0 0 0 0 0 0 0 0 0 0 0 0 100 0 0 0 0 100 100 100 100 200 400 500 500 300 500 700 400 1000 1100 600 1100 800 600 700 700 1100 900 600 1300 900 1300 2000 2700 2500 2600 2700 4100 2500 1900 2200 2400 2100 1500 1700 1400 1600 1500 600 1100 1300 1200 1100 400 500 500 600 300 500 300 200 300 100 300 200 200 100 200 0 0 0 0 100 200 0 
0 0 0 0 0 0 0 0 0 0 0 0 0 0 0 0 0 0 0 0 0 0 0 0 100 0 0 100 100 0 0 0 100 100 200 100 0 300 600 500 700 600 900 800 500 900 500 1500 500 800 800 1200 900 1400 1600 1300 800 1100 1500 2600 2400 2700 3300 3300 2700 3200 2600 1800 1700 2400 1600 2500 2000 700 2500 1500 600 600 500 700 600 500 300 500 400 200 200 200 100 100 200 100 100 200 100 0 100 0 0 0 
0 0 0 0 0 0 0 0 0 0 0 0 0 0 0 0 0 0 0 0 0 0 0 0 0 0 0 0 0 0 100 0 0 0 400 0 700 200 100 200 500 500 400 600 500 400 600 900 500 300 1000 700 500 600 500 1100 1500 1400 2700 2300 3700 2100 3000 3200 2200 3100 3500 3100 3500 1800 2500 2200 1700 1200 900 1000 400 300 500 800 200 300 600 300 600 500 400 400 400 300 200 200 0 0 0 100 0 100 0 0 
0 0 0 0 0 0 0 0 0 0 0 0 0 0 0 0 0 0 0 0 0 0 0 0 0 0 0 100 0 200 0 100 100 200 100 200 0 400 100 300 200 500 300 200 700 400 400 500 700 500 600 1000 600 1000 800 700 1300 1500 2400 4800 3000 2800 2500 3300 3200 3900 3000 1500 2000 1700 2200 1100 1900 1500 1500 1000 900 400 300 400 900 800 300 500 400 100 400 0 100 300 100 200 100 0 0 0 0 100 0 0 
0 0 0 0 0 0 0 0 0 0 0 0 0 0 0 0 0 0 0 0 0 0 0 0 0 0 0 0 0 0 0 0 0 0 100 0 100 400 100 100 300 500 400 800 500 400 100 400 900 600 300 1000 1100 700 1300 1200 1700 2300 2200 3300 2200 3700 3500 2800 3600 2800 2700 2200 2400 2100 2100 600 1900 1800 1000 1000 1100 200 600 500 600 200 500 800 300 300 0 300 200 0 400 0 0 0 100 0 0 0 0 0 
0 0 0 0 0 0 0 0 0 0 0 0 0 0 0 0 0 0 0 0 0 0 0 0 0 0 0 0 0 0 0 0 0 0 200 0 0 0 0 100 400 200 100 400 400 700 400 300 300 600 600 900 300 800 1300 1500 1600 1800 2300 2400 1900 2200 3800 3300 2800 3700 2400 2100 1800 2200 1500 1700 2100 800 1000 1100 900 800 400 300 400 200 300 400 500 200 300 100 0 200 100 100 0 200 100 200 100 0 0 0 
0 0 0 0 0 0 0 0 0 0 0 0 0 0 0 0 0 0 0 0 0 0 0 0 0 0 0 0 0 0 0 0 0 0 0 0 0 100 300 0 200 200 100 400 300 400 400 600 200 800 500 400 700 1000 1100 1200 1300 1400 2000 2300 2100 2900 1400 2800 2400 2400 2000 2000 2200 3200 600 1700 1500 1200 1300 1500 600 600 400 300 200 100 100 300 100 200 400 300 400 400 100 0 100 100 0 0 0 0 0 100 
0 0 0 0 0 0 0 0 0 0 0 0 0 0 0 0 0 0 0 0 0 0 0 0 0 0 0 0 0 0 100 200 0 0 0 0 100 200 200 0 0 0 0 200 100 100 500 700 400 300 500 1000 600 1000 900 1300 600 1500 2200 2000 1400 2400 3200 3200 800 2000 1500 1700 2600 2000 1200 1300 1600 900 1300 900 800 1000 700 400 100 200 600 300 400 100 100 100 100 300 100 0 100 100 0 0 0 0 0 0 
0 0 0 0 0 0 0 0 0 0 0 0 0 0 0 0 0 0 0 0 0 0 0 0 0 100 0 0 0 0 0 0 0 0 0 0 100 100 0 0 0 300 0 0 300 100 100 200 300 500 500 1100 900 800 700 1400 1700 1400 2100 1900 2700 2000 1800 2000 2600 2000 1900 1900 1400 2000 900 1500 1200 1200 900 1600 1000 300 500 300 200 400 700 200 0 200 100 200 0 0 300 100 100 100 100 0 0 100 0 0 
0 0 0 0 0 0 0 0 0 0 0 0 0 0 0 0 0 0 0 0 0 0 0 0 0 0 0 0 0 0 0 0 0 0 0 0 0 0 100 0 100 200 200 0 200 100 200 400 500 300 400 300 300 500 1200 1000 1100 1800 2000 1400 2800 1800 1600 2200 1800 3200 2200 2100 1800 700 1300 1700 1400 900 900 1400 800 600 500 400 100 300 500 400 500 300 0 0 0 200 0 300 0 0 0 0 0 0 0 0 
0 0 0 0 0 0 0 0 0 0 0 0 0 0 0 0 0 0 0 0 0 0 0 0 0 0 0 0 0 0 0 0 0 0 0 0 200 100 0 100 100 100 100 100 200 100 300 300 300 300 400 400 1000 400 500 1000 1800 1600 900 1600 1700 1800 2000 2200 1800 1500 1000 1300 1500 1600 1400 1100 1100 1000 800 700 700 1000 1000 700 300 300 400 100 200 300 200 100 100 0 200 100 0 0 0 0 0 0 0 0 
0 0 0 0 0 0 0 0 0 0 0 0 0 0 0 0 0 0 0 0 0 0 0 0 0 0 0 0 0 0 0 0 0 0 0 0 0 0 100 0 0 100 0 100 100 200 200 100 300 600 400 600 600 700 700 900 1300 1300 1600 800 1500 1100 1500 1600 1600 1500 1800 1200 2000 1500 1800 1500 1100 700 700 1400 800 300 200 100 500 400 400 100 100 200 100 300 200 200 100 0 100 100 0 100 0 0 0 0 
0 0 0 0 0 0 0 0 0 0 0 0 0 0 0 0 0 0 0 0 0 0 0 0 0 0 0 0 0 0 0 0 0 0 0 0 0 0 0 0 0 0 0 100 100 100 0 100 0 100 600 300 200 300 700 1300 1000 500 1300 1400 2200 1000 1700 1500 1400 2100 2000 1500 1200 1000 500 600 300 700 900 500 1000 500 700 300 300 700 100 200 200 0 0 0 300 300 0 100 100 0 100 0 0 0 0 0 
0 0 0 0 0 0 0 0 0 0 0 0 0 0 0 0 0 0 0 0 0 0 0 0 0 0 0 0 0 0 0 0 0 0 0 0 0 0 0 0 0 0 0 0 0 200 0 300 200 400 300 0 100 600 300 800 800 1100 400 1000 1100 1500 1400 1800 1400 1000 1000 1300 1200 700 1100 800 900 200 700 700 800 500 300 500 200 100 300 200 200 0 100 100 100 0 100 0 0 0 0 0 0 0 0 0 
0 0 0 0 0 0 0 0 0 0 0 0 0 0 0 0 0 0 0 0 0 0 0 0 0 0 0 0 0 0 0 0 0 0 0 0 0 0 0 0 100 100 0 0 0 100 200 100 200 300 300 300 200 400 300 700 300 500 400 1200 1000 900 1500 1400 1000 1200 1500 1600 500 500 700 600 300 200 600 800 400 200 600 400 200 100 200 0 0 300 200 200 0 0 0 0 0 0 0 0 0 0 0 0 
0 0 0 0 0 0 0 0 0 0 0 0 0 0 0 0 0 0 0 0 0 0 0 0 0 0 0 0 0 0 0 0 0 0 0 0 0 0 0 0 0 0 0 100 0 0 100 0 100 0 300 0 200 300 500 300 400 1000 900 1500 700 900 1000 1000 1400 1100 1200 400 600 1000 800 600 400 700 1200 1100 600 300 200 400 100 300 0 0 100 0 0 0 100 0 200 0 0 0 0 0 0 0 0 0 
0 0 0 0 0 0 0 0 0 0 0 0 0 0 0 0 0 0 0 0 0 0 0 0 0 0 0 0 0 0 0 0 0 0 0 0 0 0 0 0 0 0 0 0 0 0 200 100 100 200 100 400 100 800 200 200 500 800 1000 800 100 400 400 600 1200 400 200 700 400 800 400 800 1000 500 300 200 1100 500 100 100 100 200 0 100 0 0 0 100 100 0 100 0 0 100 0 0 0 0 0 0 
0 0 0 0 0 0 0 0 0 0 0 0 0 0 0 0 0 0 0 0 0 0 0 0 0 0 0 0 0 0 0 0 0 0 0 0 0 0 0 0 0 0 0 0 0 0 100 0 100 0 300 0 400 100 200 400 300 800 900 400 500 700 400 700 300 600 600 600 400 800 200 500 200 400 500 500 500 0 500 200 200 0 200 0 0 200 0 0 0 0 0 0 200 100 0 0 0 0 0 0 
0 0 0 0 0 0 0 0 0 0 0 0 0 0 0 0 0 0 0 0 0 0 0 0 0 0 0 0 0 0 0 0 0 0 0 0 0 0 0 0 0 0 0 0 0 0 0 0 100 0 0 0 200 300 500 500 300 100 500 300 500 700 200 300 500 500 300 600 300 600 400 300 500 400 500 600 500 100 100 100 200 0 100 0 100 0 0 100 100 0 0 0 0 0 0 0 0 100 0 0 
0 0 0 0 0 0 0 0 0 0 0 0 0 0 0 0 0 0 0 0 0 0 0 0 0 0 0 0 0 0 0 0 0 0 0 0 0 0 0 0 0 0 0 0 0 0 0 0 0 100 100 0 0 100 300 200 100 700 200 700 800 100 900 200 700 600 600 300 300 100 500 400 300 400 300 0 500 300 200 100 100 300 100 100 100 100 0 0 0 0 0 0 0 0 0 0 0 0 0 0 
0 0 0 0 0 0 0 0 0 0 0 0 0 0 0 0 0 0 0 0 0 0 0 0 0 0 0 0 0 0 0 0 0 0 0 0 0 0 100 0 0 0 0 0 0 100 0 100 0 200 0 0 200 0 200 200 300 300 300 300 300 200 400 500 200 100 300 200 300 100 0 400 300 200 400 300 300 400 200 600 100 100 0 0 0 0 200 0 0 100 0 0 0 0 0 0 0 0 0 0 
0 0 0 0 0 0 0 0 0 0 0 0 0 0 0 0 0 0 0 0 0 0 0 0 0 0 0 0 0 0 0 0 0 0 0 0 0 0 0 0 0 0 0 0 0 0 0 100 0 0 100 100 0 200 600 0 200 200 100 100 100 400 200 100 200 100 300 200 0 200 100 100 0 100 100 400 100 100 100 100 100 0 200 0 0 0 100 0 0 0 0 0 0 0 0 0 0 0 0 0 
0 0 0 0 0 0 0 0 0 0 0 0 0 0 0 0 0 0 0 0 0 0 0 0 0 0 0 0 0 0 0 0 0 0 0 0 0 0 0 0 0 0 0 100 0 0 0 0 0 100 0 100 100 0 100 0 0 100 100 0 100 100 400 0 300 0 100 0 0 0 100 100 0 0 100 200 0 200 100 0 0 0 200 100 0 0 0 0 0 0 0 0 0 0 0 0 0 0 0 0 
0 0 0 0 0 0 0 0 0 0 0 0 0 0 0 0 0 0 0 0 0 0 0 0 0 0 0 0 0 0 0 0 0 0 0 0 0 0 0 0 0 0 0 0 0 0 0 0 0 0 0 0 0 100 0 100 300 200 100 100 100 0 200 0 100 100 100 0 200 200 500 0 300 200 300 300 100 100 200 0 100 0 0 0 0 0 0 100 0 0 0 0 0 0 0 0 0 0 0 0 
0 0 0 0 0 0 0 0 0 0 0 0 0 0 0 0 0 0 0 0 0 0 0 0 0 0 0 0 0 0 0 0 0 0 0 0 0 0 0 0 0 0 0 0 0 0 0 0 100 0 0 0 0 300 100 100 0 100 0 0 200 0 0 100 200 0 0 100 100 100 300 0 200 100 100 0 0 100 0 100 0 0 0 100 0 0 0 0 0 0 0 0 0 0 0 0 0 0 0 0 
0 0 0 0 0 0 0 0 0 0 0 0 0 0 0 0 0 0 0 0 0 0 0 0 0 0 0 0 0 0 0 0 0 0 0 0 0 0 0 0 0 0 0 0 0 0 0 0 0 0 0 0 0 0 100 100 0 0 0 100 200 0 0 100 0 100 100 0 200 0 100 100 100 0 0 0 0 0 0 200 0 0 0 100 0 0 0 0 0 0 0 0 0 0 0 0 0 0 0 0 
0 0 0 0 0 0 0 0 0 0 0 0 0 0 0 0 0 0 0 0 0 0 0 0 0 0 0 0 0 0 0 0 0 0 0 0 0 0 0 0 0 0 0 0 0 0 0 0 0 0 0 100 0 0 0 0 100 0 100 0 0 0 0 0 100 0 0 0 0 0 200 0 0 200 0 0 0 0 0 100 0 0 0 100 0 0 0 0 0 0 0 0 0 0 0 0 0 0 0 0 
0 0 0 0 0 0 0 0 0 0 0 0 0 0 0 0 0 0 0 0 0 0 0 0 0 0 0 0 0 0 0 0 0 0 0 0 0 0 0 0 0 0 0 0 0 0 0 0 0 0 0 0 0 0 0 0 100 0 0 0 0 0 0 0 0 100 0 100 0 0 100 100 100 100 0 0 0 0 100 0 0 0 0 0 100 0 0 0 0 0 0 0 0 0 0 0 0 0 0 0 
0 0 0 0 0 0 0 0 0 0 0 0 0 0 0 0 0 0 0 0 0 0 0 0 0 0 0 0 0 0 0 0 0 0 0 0 0 0 0 0 0 0 0 0 0 0 0 0 0 0 0 0 0 0 0 0 0 0 0 0 0 100 0 100 0 0 0 0 100 0 0 0 200 100 100 0 100 0 0 0 0 0 0 0 0 0 0 0 0 0 0 0 0 0 0 0 0 0 0 0 
0 0 0 0 0 0 0 0 0 0 0 0 0 0 0 0 0 0 0 0 0 0 0 0 0 0 0 0 0 0 0 0 0 0 0 0 0 0 0 0 0 0 0 0 0 0 0 0 0 0 0 0 0 0 0 0 0 0 0 100 0 0 0 0 0 0 0 0 0 0 0 0 0 100 0 0 0 0 0 0 0 0 100 0 0 0 0 0 0 0 0 0 0 0 0 0 0 0 0 0 
0 0 0 0 0 0 0 0 0 0 0 0 0 0 0 0 0 0 0 0 0 0 0 0 0 0 0 0 0 0 0 0 0 0 0 0 0 0 0 0 0 0 0 0 0 0 0 0 0 0 100 0 0 0 0 0 0 0 0 0 0 0 0 0 0 0 0 0 0 0 0 0 0 0 0 0 0 0 0 0 0 0 0 0 0 0 0 0 0 0 0 0 0 0 0 0 0 0 0 0 
0 0 0 0 0 0 0 0 0 0 0 0 0 0 0 0 0 0 0 0 0 0 0 0 0 0 0 0 0 0 0 0 0 0 0 0 0 0 0 0 0 0 0 0 0 0 0 0 0 0 0 0 0 0 0 0 0 0 0 0 0 0 0 0 0 0 0 0 0 0 100 100 0 0 0 0 0 0 0 0 0 0 0 0 0 0 0 0 0 0 0 0 0 0 0 0 0 0 0 0 
0 0 0 0 0 0 0 0 0 0 0 0 0 0 0 0 0 0 0 0 0 0 0 0 0 0 0 0 0 0 0 0 0 0 0 0 0 0 0 0 0 0 0 0 0 0 0 0 0 0 0 0 0 0 0 0 0 0 0 0 0 0 0 0 0 0 100 0 0 0 0 0 0 0 0 0 0 0 0 0 0 0 0 0 0 0 0 0 0 0 0 0 0 0 0 0 0 0 0 0 
0 0 0 0 0 0 0 0 0 0 0 0 0 0 0 0 0 0 0 0 0 0 0 0 0 0 0 0 0 0 0 0 0 0 0 0 0 0 0 0 0 0 0 0 0 0 0 0 0 0 0 0 0 0 0 0 0 0 0 0 0 0 0 0 0 0 0 0 0 0 0 0 0 0 0 0 0 0 0 0 0 0 0 0 0 0 0 0 0 0 0 0 0 0 0 0 0 0 0 0 
0 0 0 0 0 0 0 0 0 0 0 0 0 0 0 0 0 0 0 0 0 0 0 0 0 0 0 0 0 0 0 0 0 0 0 0 0 0 0 0 0 0 0 0 0 0 0 0 0 0 0 0 0 0 0 0 0 0 0 0 0 0 0 0 0 0 0 100 0 0 0 0 0 0 0 0 0 0 0 0 0 0 0 0 0 0 0 0 0 0 0 0 0 0 0 0 0 0 0 0 
0 0 0 0 0 0 0 0 0 0 0 0 0 0 0 0 0 0 0 0 0 0 0 0 0 0 0 0 0 0 0 0 0 0 0 0 0 0 0 0 0 0 0 0 0 0 0 0 0 0 0 0 0 0 0 0 0 0 0 0 0 0 0 0 0 0 0 0 0 0 0 0 0 0 0 0 0 100 0 0 0 0 0 0 0 0 0 0 0 0 0 0 0 0 0 0 0 0 0 0 
0 0 0 0 0 0 0 0 0 0 0 0 0 0 0 0 0 0 0 0 0 0 0 0 0 0 0 0 0 0 0 0 0 0 0 0 0 0 0 0 0 0 0 0 0 0 0 0 0 0 0 0 0 0 0 0 0 0 0 0 0 0 0 0 0 0 0 0 0 0 0 0 0 0 0 0 0 0 0 0 0 0 0 0 0 0 0 0 0 0 0 0 0 0 0 0 0 0 0 0 
0 0 0 0 0 0 0 0 0 0 0 0 0 0 0 0 0 0 0 0 0 0 0 0 0 0 0 0 0 0 0 0 0 0 0 0 0 0 0 0 0 0 0 0 0 0 0 0 0 0 0 0 0 0 0 0 0 0 0 0 0 0 0 0 0 0 0 0 0 0 0 0 0 0 0 0 0 0 0 0 0 0 0 0 0 0 0 0 0 0 0 0 0 0 0 0 0 0 0 0 
