0 0 0 0 0 0 1 0 1 1 2 3 7 8 3 7 6 8 11 12 21 30 29 30 28 46 42 29 48 49 45 48 56 32 42 43 32 36 35 24 19 20 4 16 10 12 4 6 5 1 0 1 2 0 0 0 0 0 0 0 0 0 0 0 0 0 0 0 0 0 0 0 0 0 0 0 0 0 0 0 0 0 0 0 0 0 0 0 0 0 0 0 0 0 0 0 0 0 0 0 
0 0 0 0 1 0 0 1 2 2 2 4 4 9 4 4 20 19 25 34 32 35 44 50 46 57 57 42 66 50 88 68 71 67 66 59 62 41 36 34 47 21 24 16 12 10 13 9 6 3 3 2 0 1 1 0 0 0 0 1 0 0 0 0 0 0 0 0 0 0 0 0 0 0 0 0 0 0 0 0 0 0 0 0 0 0 0 0 0 0 0 0 0 0 0 0 0 0 0 0 
0 0 0 0 1 1 1 1 5 4 3 6 10 16 8 13 26 33 24 33 38 43 46 70 84 76 78 93 97 94 103 104 92 84 103 108 71 70 66 54 48 32 29 34 28 12 16 9 9 5 2 1 2 0 0 1 0 0 0 0 0 0 0 0 0 0 1 0 0 0 0 0 0 0 0 0 0 0 0 0 0 0 0 0 0 0 0 0 0 0 0 0 0 0 0 0 0 0 0 0 
0 0 0 0 0 1 0 1 3 2 5 10 12 10 18 20 27 38 44 46 56 64 81 87 90 115 100 134 144 173 163 166 161 153 147 105 111 89 82 84 77 67 53 50 32 31 26 21 19 13 8 4 6 5 3 1 1 1 0 2 0 0 0 0 0 0 0 0 0 0 0 0 0 0 0 0 0 0 0 0 0 0 0 0 0 0 0 0 0 0 0 0 0 0 0 0 0 0 0 0 
0 1 0 3 1 0 2 4 4 5 9 6 8 11 34 32 43 47 58 58 59 87 106 111 156 170 169 189 186 207 190 217 205 226 203 209 187 124 132 114 121 93 81 50 58 42 22 27 16 13 8 5 3 4 2 1 2 0 0 0 0 0 0 0 0 0 0 0 0 0 0 0 0 0 1 0 0 0 0 0 0 0 0 0 0 0 0 0 0 0 0 0 0 0 0 0 0 0 0 0 
0 0 1 2 1 3 1 0 5 4 11 24 16 26 25 42 50 69 81 80 121 114 120 168 189 188 245 229 257 309 313 312 286 310 281 276 229 215 195 178 160 118 106 92 90 52 40 30 28 16 9 12 5 1 2 1 2 0 0 1 2 0 0 0 0 0 0 0 0 0 0 0 0 0 0 0 0 0 0 0 0 0 0 0 0 0 0 0 0 0 0 0 0 0 0 0 0 0 0 0 
0 1 0 1 2 2 2 3 5 5 11 23 14 26 38 59 76 77 116 135 153 178 180 219 254 274 295 383 380 398 361 407 497 448 400 424 383 355 303 275 219 191 193 149 129 94 62 41 40 31 15 17 6 5 2 1 3 1 0 0 0 0 0 0 0 0 0 0 0 0 0 0 0 0 0 0 0 0 0 0 0 0 0 0 0 0 0 0 0 0 0 0 0 0 0 0 0 0 0 0 
0 0 0 3 1 4 6 4 6 8 7 17 33 36 53 60 78 117 135 164 192 205 248 316 319 322 457 470 462 536 531 613 552 543 593 581 532 510 458 395 400 293 248 219 180 121 101 66 60 31 20 25 9 13 7 8 2 1 3 2 0 1 0 0 0 0 0 0 0 0 0 0 0 0 0 0 0 0 0 0 0 0 0 0 0 0 0 0 0 0 0 0 0 0 0 0 0 0 0 0 
3 0 1 2 2 5 7 7 9 18 22 29 33 45 81 94 117 141 192 209 266 325 312 385 440 532 555 646 695 677 790 787 742 770 775 729 746 681 591 551 477 433 327 293 227 165 156 86 82 56 50 29 24 13 9 6 2 7 0 4 1 0 0 1 0 0 0 0 1 0 0 0 0 0 0 0 0 0 0 0 0 0 0 0 0 0 0 0 0 0 0 0 0 0 0 0 0 0 0 0 
1 0 0 3 6 3 7 8 10 18 26 39 48 52 88 116 164 185 197 238 337 370 451 525 595 677 732 799 866 890 978 1053 1059 1021 1051 1000 1025 923 774 797 704 536 492 420 348 256 209 146 133 59 58 42 29 14 17 7 7 10 5 0 1 0 0 1 0 0 0 0 0 0 0 0 0 0 0 0 0 0 0 0 0 0 0 0 0 0 0 0 0 0 0 0 0 0 0 0 0 0 0 0 
0 1 1 2 5 9 17 13 23 31 33 42 57 76 107 128 194 242 280 345 387 509 575 657 782 906 980 1067 1172 1213 1298 1378 1363 1388 1302 1429 1295 1288 1104 1043 906 825 719 581 505 417 361 244 180 123 97 66 48 26 18 13 10 11 5 2 3 1 3 1 0 0 0 0 0 0 0 0 0 0 0 0 0 0 0 0 0 0 0 0 0 0 0 0 0 0 0 0 0 0 0 0 0 0 0 0 
0 1 5 6 6 3 11 12 16 24 47 60 72 104 150 170 215 303 363 461 500 662 727 875 970 1117 1279 1390 1534 1679 1662 1791 1802 1826 1874 1846 1690 1692 1621 1501 1277 1082 941 840 710 567 461 389 276 224 155 112 83 35 40 26 21 14 9 1 3 3 1 1 0 0 0 0 0 0 0 0 0 0 0 0 0 0 0 0 0 0 0 0 0 0 0 0 0 0 0 0 0 0 0 0 0 0 0 0 
2 4 7 7 6 12 18 26 21 41 61 80 119 130 175 205 278 363 450 579 628 748 935 1089 1267 1412 1582 1735 1890 1989 2271 2256 2347 2409 2524 2454 2373 2261 2071 2006 1757 1531 1321 1076 935 758 674 504 393 330 203 138 129 106 60 45 23 10 10 11 9 3 1 0 1 1 0 0 0 0 0 0 0 0 0 0 0 0 0 0 0 0 0 0 0 0 0 0 0 0 0 0 0 0 0 0 0 0 0 0 
3 4 8 9 12 11 32 34 28 56 82 80 120 165 215 274 360 478 551 706 884 996 1235 1397 1523 1788 2114 2138 2425 2680 2870 2973 3034 3136 3205 3180 2966 2945 2772 2594 2415 2106 1778 1550 1289 1087 845 673 550 391 283 220 143 96 55 57 34 22 20 10 4 6 2 4 1 2 0 0 0 0 0 0 0 0 0 0 0 0 0 0 0 0 0 0 0 0 0 0 0 0 0 0 0 0 0 0 0 0 0 0 
3 12 4 6 21 15 21 33 42 72 99 116 156 184 274 348 404 602 710 863 1021 1260 1414 1753 2046 2222 2502 2903 3122 3327 3586 3764 4018 3921 4015 3965 3957 3870 3600 3278 3110 2833 2527 2167 1835 1499 1234 973 778 527 385 290 225 144 77 62 28 30 21 14 7 7 5 3 1 0 1 0 0 0 0 0 0 0 0 0 0 0 0 0 0 0 0 0 0 0 0 0 0 0 0 0 0 0 0 0 0 0 0 0 
3 4 14 10 17 28 24 44 60 83 116 144 178 296 347 466 524 724 874 1024 1247 1573 1845 2218 2394 2811 3236 3702 3886 4151 4491 4697 4934 5036 5175 5211 5003 4915 4562 4317 4085 3599 3301 2889 2380 2051 1637 1379 1065 818 624 383 265 169 105 64 56 50 32 17 8 5 7 2 1 1 2 0 0 0 0 1 0 0 0 0 0 0 0 0 0 0 0 0 0 0 0 0 0 0 0 0 0 0 0 0 0 0 0 0 
4 8 12 10 23 27 34 59 76 100 141 223 247 304 432 540 671 846 1025 1297 1565 1862 2222 2752 3071 3686 4042 4422 4894 5352 5652 6190 6295 6278 6537 6542 6432 6333 6044 5599 5163 4677 4125 3626 3233 2627 2140 1778 1331 1054 755 564 409 302 226 154 79 54 39 25 17 15 6 8 2 2 2 1 0 1 0 0 0 0 0 0 0 0 0 0 0 0 0 0 0 0 0 0 0 0 0 0 0 0 0 0 0 0 0 0 
3 6 15 18 25 27 53 76 88 137 157 223 295 424 498 664 839 1113 1290 1661 1951 2407 2757 3376 3855 4220 4860 5494 6026 6564 6907 7458 7931 7985 8217 8380 8174 7929 7555 7349 6678 6152 5534 4756 4147 3474 2990 2325 1836 1501 1131 851 543 375 265 150 133 86 60 46 27 15 9 9 1 1 1 2 0 1 0 0 0 0 0 0 0 0 0 0 0 0 0 0 0 0 0 0 0 0 0 0 0 0 0 0 0 0 0 0 
6 10 14 21 25 32 67 91 109 159 220 266 342 494 590 805 999 1300 1591 1900 2438 2883 3456 4070 4597 5267 6082 6699 7288 7879 8821 9201 9368 9784 10124 10173 10151 10050 9800 9071 8657 7597 6838 6352 5348 4420 3941 3176 2463 1980 1559 1137 795 557 380 304 146 114 78 70 36 25 16 12 8 5 2 2 0 0 0 1 0 0 0 0 0 0 0 0 0 0 0 0 0 0 0 0 0 0 0 0 0 0 0 0 0 0 0 0 
8 15 18 28 36 49 76 98 146 196 292 333 477 626 735 1030 1257 1551 1950 2413 2774 3389 4026 4834 5689 6443 7242 8211 8909 9767 10364 11157 11639 12214 12364 12667 12235 12289 11708 11026 10514 9751 8810 7979 6804 5902 5051 4180 3509 2687 2048 1597 1143 863 545 404 306 195 119 83 57 42 28 17 9 6 2 3 0 1 0 0 0 1 0 0 0 0 0 0 0 0 0 0 0 0 0 0 0 0 0 0 0 0 0 0 0 0 0 0 
14 17 21 37 47 60 82 127 168 235 310 440 545 742 933 1200 1523 1871 2380 2841 3617 4164 4916 5743 6801 7597 8674 9813 10830 11675 12757 13534 14076 14766 15025 15134 15108 15184 14887 14009 13359 12146 10937 9751 8465 7596 6623 5574 4485 3594 2788 2217 1702 1279 876 548 343 275 180 122 88 52 32 18 14 6 9 1 0 1 1 0 0 0 0 0 0 0 0 0 0 0 0 0 0 0 0 0 0 0 0 0 0 0 0 0 0 0 0 0 
12 19 26 45 53 70 102 154 212 301 349 519 666 871 1094 1424 1788 2361 2798 3431 4317 5049 6103 6897 8175 9204 10353 11486 12669 14029 15340 16012 16748 17613 17736 18182 18121 17813 17469 16937 16401 15182 13926 12593 11169 9619 7883 6601 5842 4961 4064 3141 2382 1627 1251 803 564 390 275 181 128 87 53 30 18 15 3 3 1 4 2 0 0 0 0 0 1 0 0 0 0 0 0 0 0 0 0 0 0 0 0 0 0 0 0 0 0 0 0 0 
14 22 35 40 83 107 121 183 252 350 426 600 779 1020 1353 1682 2123 2716 3268 4221 5066 6023 6982 8372 9726 11106 12464 14095 15603 16546 17873 18702 20216 20576 21294 21509 21602 21206 21028 20162 19071 17991 16517 14871 13545 12031 10666 9175 7800 6266 5193 4266 3404 2638 1917 1234 838 553 363 254 181 96 72 44 33 18 13 2 5 1 1 1 0 0 0 0 0 0 0 0 0 0 0 0 0 0 0 0 0 0 0 0 0 0 0 0 0 0 0 0 
24 28 31 55 71 109 166 217 348 416 539 771 934 1218 1644 2052 2612 3212 4157 4911 6083 7356 8492 9745 11414 13122 14597 16364 18289 19673 21127 22563 23821 24731 25253 25715 25456 25108 24557 23705 22606 21051 19766 17777 16285 14382 12440 10750 9502 7988 6651 5517 4281 3430 2548 1746 1317 803 567 399 259 175 91 64 59 25 6 9 7 3 3 1 1 2 0 0 0 0 0 0 0 0 0 0 0 0 0 0 0 0 0 0 0 0 0 0 0 0 0 0 
24 40 46 64 96 124 206 252 379 486 659 897 1193 1488 1875 2531 3214 3863 4929 6068 7157 8475 10161 11830 13569 15280 17494 19561 20996 22877 24606 26344 27321 28868 29485 30021 29606 29571 29035 28482 26876 24579 23203 21428 19470 17814 15463 13193 10708 9114 7590 6292 5065 4309 3410 2588 1698 1091 777 501 387 269 188 120 81 38 30 22 9 8 6 2 2 1 0 1 0 0 0 0 0 0 0 0 0 0 0 0 0 0 0 0 0 0 0 0 0 0 0 0 
30 39 72 99 130 160 257 332 441 572 805 1125 1357 1723 2327 2989 3712 4718 5791 6876 8551 10125 11861 14046 15935 18121 20267 22799 25236 27275 29213 30975 32976 33415 34248 34663 34974 34023 33498 32147 30642 28986 26937 24460 22239 19776 17607 15626 13495 11338 9414 7920 6435 5118 3973 3353 2719 1984 1264 834 562 394 247 165 107 53 61 28 10 13 3 3 5 2 1 0 0 0 0 0 0 0 0 0 0 0 0 0 0 0 0 0 0 0 0 0 0 0 0 0 
35 46 68 106 145 216 275 412 574 792 944 1216 1673 2189 2736 3553 4474 5433 6650 8314 9940 11721 13945 16352 18714 21400 23781 26494 29166 31671 33799 35850 37773 39192 39940 40777 40351 40035 38972 37372 35443 33293 30890 28097 25531 23059 20032 17172 15260 12576 10584 8773 7371 6595 5575 4594 3855 3041 2010 1260 928 603 425 301 222 114 70 46 27 27 10 4 4 1 1 1 1 0 1 0 0 0 0 0 0 0 0 0 0 0 0 0 0 0 0 0 0 0 0 0 
45 59 85 104 143 235 337 460 573 826 1117 1539 1940 2488 3334 4004 5233 6494 7846 9749 11719 13916 16361 19145 21731 24607 28176 31056 33717 36752 39285 41953 43924 44957 45684 46425 46786 46329 45329 43352 41755 38905 35985 32618 29132 25790 22246 19432 16765 14256 11894 9911 8001 6237 5203 4412 3971 3538 3243 2652 1831 1226 744 474 301 214 148 82 47 24 19 10 7 1 4 0 0 1 0 0 0 0 0 0 0 0 0 0 0 0 0 0 0 0 0 0 0 0 0 0 
39 56 92 140 206 239 398 505 753 1019 1228 1755 2258 2891 3861 4858 5992 7505 9344 11310 13377 16361 18876 22033 25300 28943 32455 35826 39119 42663 45460 48186 50388 52787 53935 54643 54343 53702 51740 49889 47816 44577 41570 37250 33538 30123 25819 22263 18712 15868 13115 10705 8755 7137 5510 4328 3167 2408 1887 1627 1505 1297 943 640 456 319 188 124 90 48 29 16 8 4 3 1 3 1 0 0 0 0 0 0 0 0 0 0 0 0 0 0 0 0 0 0 0 0 0 0 
61 82 94 135 226 308 447 555 873 1162 1528 2079 2711 3369 4395 5721 7006 8735 10681 13195 15827 18663 21982 25260 29192 33356 37094 41313 44960 49497 52771 55754 58138 60354 61712 62426 62481 61755 60367 58159 54823 51379 47231 43260 38791 33728 29392 24828 21576 18021 15310 12105 9908 8005 6160 4542 3184 2281 1742 1403 1167 859 686 503 352 256 192 114 103 61 36 16 10 5 4 2 0 0 0 0 0 0 0 0 0 0 0 0 0 0 0 0 0 0 0 0 0 0 0 0 
72 77 121 182 261 372 529 738 946 1313 1745 2323 3085 4002 5129 6406 8004 9972 12446 14969 18412 21652 25164 29318 33623 37841 42497 47647 51616 56188 60034 63748 66961 68658 70740 71852 71506 70581 69039 66729 63301 59515 55518 50425 45332 39530 35170 29778 24947 20713 16525 13583 10909 8496 6678 5584 4368 3297 2133 1447 1141 895 715 575 447 290 173 121 53 39 20 14 6 4 3 1 1 0 0 1 2 0 0 0 0 0 0 0 0 0 0 0 0 0 0 0 0 0 0 0 
65 98 129 216 284 411 581 817 1139 1491 1998 2734 3537 4682 5753 7322 9189 11439 14034 17138 20579 24608 28456 33141 38017 42996 48443 53386 59015 63343 67770 72227 75760 78438 79537 80645 81082 80883 79453 76293 72922 68029 63683 58177 52848 46959 41339 34874 29694 24378 20481 16262 12476 9246 6899 5069 3735 3049 2362 1770 1329 965 722 484 298 202 158 90 62 32 19 13 4 4 3 3 1 2 1 0 0 0 0 0 0 0 0 0 0 0 0 0 0 0 0 0 0 0 0 0 
67 108 168 247 316 436 658 952 1268 1689 2336 2903 3986 4994 6744 8311 10499 13027 16119 19594 23428 27757 32440 37597 43001 48926 54686 60250 65973 71333 76538 80919 84540 87968 90587 91543 90712 90559 87853 85717 82685 77539 73357 67629 61432 55095 48443 42490 35717 28841 23259 18441 14657 11698 8732 6170 4544 3366 2473 1808 1503 1051 806 523 380 260 142 84 63 58 26 29 13 7 2 2 1 2 1 0 0 0 0 0 0 0 0 0 0 0 0 0 0 0 0 0 0 0 0 0 
97 129 169 288 345 530 729 1031 1422 1930 2646 3359 4293 5825 7333 9375 11712 14782 18144 21556 25898 30705 36287 42140 47837 54344 60759 67382 73552 79894 85329 90280 94580 97541 100067 100822 101582 100381 98140 95392 91784 87024 81494 75688 69308 62373 55232 48592 41865 34904 29081 23080 17977 13489 10090 7638 5695 4034 3051 2248 1771 1164 787 549 321 224 129 104 55 21 20 19 16 5 6 4 1 0 0 0 0 0 1 0 0 0 0 0 0 0 0 0 0 0 0 0 0 0 0 0 
104 129 194 313 399 518 800 1183 1575 2163 2807 3763 5006 6506 8254 10374 12815 15988 19663 23925 28678 34588 40119 46479 53226 60120 67189 74666 81112 88102 93831 100157 104170 107802 110841 111754 111368 111414 108556 104922 101094 96380 90617 83613 76644 69532 61956 54860 47457 41310 34464 28393 22409 17627 13596 10078 7367 5035 3495 2411 1615 1181 816 545 356 232 196 123 81 49 21 20 9 5 2 2 2 1 1 1 0 0 0 0 0 1 0 0 0 0 0 0 0 0 0 0 0 0 0 0 
91 160 220 294 464 621 903 1190 1762 2256 3076 4013 5306 6973 8870 11287 14141 17615 21686 26112 31520 37460 43901 50821 58316 65789 73364 81042 89121 96137 102890 108702 113899 117472 120676 121700 122655 121701 119304 115583 110953 105617 98974 91612 83596 75551 67291 59986 53229 45893 39384 32703 26718 21347 16421 12213 9182 6542 4399 3037 2033 1289 860 607 396 248 180 124 100 64 36 22 18 9 7 6 2 3 2 0 0 0 0 0 0 0 0 0 0 0 0 0 0 0 0 0 0 0 0 0 
103 177 249 321 502 703 947 1312 1857 2501 3340 4414 5747 7631 9534 12348 15575 19184 23486 28499 34061 40155 47439 55036 63138 71167 79492 87706 95595 103025 111185 117369 121803 126858 129728 131065 131243 130526 127429 123334 118439 112475 105660 98044 90347 81885 73783 65934 58303 51263 44386 37008 30685 25320 20668 15774 11950 8774 6131 3974 2639 1772 1199 795 654 390 219 141 126 61 35 24 19 14 7 3 2 2 4 1 1 0 0 0 0 0 0 0 0 0 0 0 0 0 0 0 0 0 0 0 
108 171 251 361 563 756 1073 1423 1893 2581 3742 4871 6290 8182 10181 13258 16528 20505 24956 30277 36140 43514 50220 58740 66548 76028 84358 93962 102971 110320 118382 125029 130893 135764 138664 140003 139473 137814 135373 131554 126475 119286 111487 103104 94740 85647 76939 68865 61184 52734 46122 40337 33951 28578 24283 19711 15609 11793 9089 6620 4468 2888 1882 1201 720 527 298 193 151 77 51 27 26 12 5 4 5 1 3 0 1 0 0 0 0 0 0 0 0 0 0 0 0 0 0 0 0 0 0 0 
124 193 247 373 550 814 1045 1509 2128 2786 3885 4913 6492 8517 10981 13910 17262 21865 26668 32068 38602 45454 53460 61909 70272 80316 89669 98277 107681 116382 124499 132033 136934 141409 145124 147420 148497 146070 142883 138704 131530 125231 118487 109589 101257 90857 80639 71138 62839 54521 47586 40533 34707 29331 23885 20019 16554 13221 10073 7455 5377 3975 2769 1762 1129 749 472 245 182 131 68 30 24 14 8 8 6 2 1 0 1 0 0 3 0 1 0 0 0 0 0 0 0 0 0 0 0 0 0 0 
122 215 301 371 537 844 1175 1512 2126 2964 3894 5340 6819 8904 11317 14609 18245 22929 27967 33593 39943 47571 55113 64003 73727 82525 93107 102530 111822 121540 129257 135955 142494 147455 150301 152969 153806 151112 148629 144701 138521 130366 122003 113019 104071 95616 85883 75439 65912 57465 48845 41794 35624 29597 23882 19304 15489 12418 10073 8046 5857 4216 2834 2089 1345 876 586 368 263 138 80 45 30 27 15 7 3 6 1 3 3 1 2 2 0 0 0 0 0 0 0 0 0 0 0 0 0 0 0 0 
135 190 281 387 659 806 1105 1594 2175 3007 3933 5270 7127 9160 12029 15109 18584 23554 28791 34832 41743 48924 57563 66103 75623 85360 94844 104784 114999 123793 132771 139974 146007 151072 154555 156337 155661 155273 151475 145730 139945 132856 124737 115879 105317 96174 86102 77103 67561 59256 51216 43730 35591 30069 25037 20326 16419 12944 10228 8259 6416 4797 3332 2327 1649 1123 765 539 296 198 125 67 45 36 23 17 10 5 2 2 0 1 1 2 1 1 1 0 0 1 0 0 0 0 0 0 0 0 0 0 
129 207 264 402 579 848 1239 1599 2261 3110 4213 5614 7196 9452 11918 15162 19534 23570 29065 35119 41602 49930 57986 66873 76344 86424 96545 106450 115923 125262 134124 141445 147358 151815 154679 156288 155985 154990 150650 145923 139118 132730 123496 114455 104868 95571 85539 77003 67871 58697 50794 43422 35887 29447 24542 20435 17014 14234 11296 8868 6927 5682 4498 3256 2214 1544 1047 701 499 283 194 145 91 49 19 18 5 5 4 8 5 2 2 1 1 1 0 1 1 0 0 0 0 0 0 0 0 0 0 0 
160 209 313 455 618 875 1212 1704 2318 3236 4155 5671 7445 9606 12153 15475 19113 23955 29349 35172 42078 49838 58210 66726 76972 86426 95792 105840 114889 124671 132714 140238 145974 151248 153472 154017 153848 150292 147616 142144 136282 127959 119472 111037 101046 91353 82282 72328 64423 55933 48871 41803 36476 31066 24224 19180 15290 12319 9870 7697 6346 4667 3573 2801 2134 1534 1004 704 435 290 156 108 74 49 44 29 11 13 6 6 3 0 1 0 0 0 0 0 1 0 0 0 0 0 0 0 0 0 0 0 
144 206 342 442 623 875 1235 1737 2344 3151 4123 5595 7245 9337 12150 15517 19184 23569 28578 34824 41839 49331 57127 66089 75076 84349 94291 104161 112861 120913 129507 137116 142247 145832 148493 149017 147903 144786 140062 135019 128449 121439 113484 104086 95088 85735 77127 68353 60239 51625 44142 37263 31214 26097 22104 18246 14298 10817 8351 6428 4798 3697 2786 2079 1505 1144 788 519 383 265 184 137 77 37 31 27 17 15 8 13 3 4 2 5 4 1 0 0 1 0 0 0 0 0 0 0 0 0 0 0 
142 214 302 450 661 885 1206 1632 2219 3088 4161 5539 7237 9302 12014 15121 18670 23341 28201 34013 40289 47850 55678 63557 72919 81337 91096 99636 108730 116698 123760 130550 135026 138101 140678 140729 139986 136660 132682 126788 120036 112380 104291 95661 86820 78522 68692 60254 52254 44854 38598 32861 27583 23095 18391 14804 11787 9614 7494 5633 4033 2979 2417 1502 1135 916 684 579 359 254 153 114 65 51 29 32 24 14 10 10 8 6 7 1 4 0 1 1 0 1 0 0 0 0 0 0 0 0 0 0 
150 194 251 431 637 852 1194 1609 2213 3087 4078 5426 7031 9137 11613 14625 18424 22509 27174 32856 39228 46162 53071 60860 69306 77690 86416 94346 102311 109341 115997 121397 126572 129763 130639 131411 128746 126004 121648 116230 109631 102660 94194 86091 76980 68570 61146 53508 46345 41380 35186 29698 24040 19928 16850 13575 11118 8479 6536 4616 3593 2867 2036 1370 1002 771 527 365 286 211 155 92 79 66 62 34 15 13 14 9 7 8 5 3 1 3 2 4 1 0 1 0 0 0 0 0 0 0 0 0 
142 200 301 426 560 889 1198 1625 2089 2900 3907 5141 6836 8756 11353 13976 17095 21700 26274 31538 36823 43621 50194 57491 65170 72633 80223 87791 95270 101978 107465 112429 115618 118156 119249 118883 116505 113875 108878 104250 97309 90636 82860 74798 68018 61206 53839 47618 41750 36055 31969 28032 23796 19056 14735 11172 8802 7253 5565 4499 3384 2339 1678 1329 914 641 410 337 272 184 163 105 78 74 49 46 28 26 26 19 9 13 3 5 2 2 1 0 1 1 1 0 0 0 0 0 0 0 0 0 
146 174 265 456 589 783 1103 1527 2078 2704 3714 4875 6445 8421 10324 13151 16404 19917 24449 29268 34442 40347 47026 53551 60438 67609 73971 80884 86864 92836 97623 101789 104106 106205 107255 106838 103887 101319 97714 92566 85852 79955 73004 66039 59128 52507 47259 41441 36595 31709 27383 23504 19823 16665 13955 11108 8464 6451 4892 3786 2727 2193 1526 1100 806 559 422 367 247 201 156 131 98 94 62 38 33 25 23 18 17 13 5 7 10 2 2 2 1 0 0 0 0 0 0 0 0 0 0 0 
126 213 279 394 505 728 1009 1478 1963 2621 3494 4508 5890 7691 9789 12375 15256 18547 22553 26967 32121 37068 42839 48969 54755 61648 67284 73711 78327 83394 87126 90578 92966 94301 94373 93174 91126 87985 84237 79588 73221 68934 62451 57672 51789 45590 40536 35375 30444 27323 23779 19935 16594 13484 11236 9082 7382 5757 4693 3726 2692 2030 1413 1054 761 572 440 304 255 201 174 159 126 107 94 55 60 35 34 34 22 19 10 5 3 5 2 2 1 0 0 2 2 0 0 0 0 0 0 0 
139 162 255 328 510 650 979 1303 1821 2458 3247 4312 5630 7067 8947 11500 14160 17292 20645 24845 28993 34243 38909 44357 49749 55414 60751 65509 70016 73883 77576 79998 81175 82452 81537 80175 78612 75329 72176 68465 63568 58515 54284 48871 44129 38742 33898 30450 27508 23981 20110 16843 14321 11804 9579 7582 6261 4919 3755 2991 2269 1964 1405 1046 792 589 525 390 317 241 210 159 161 116 92 77 58 58 30 24 30 10 5 8 2 4 2 2 2 1 2 0 1 0 0 0 0 0 0 0 
99 163 237 311 450 634 895 1194 1684 2251 2985 4078 5046 6472 8143 10276 12803 15523 18746 22222 26467 30388 34869 39663 44580 48931 53269 57958 61443 65347 67593 69411 70141 69576 69721 68261 66605 63806 60136 56287 52864 48233 43920 40276 36143 33102 29637 26039 22379 19379 16716 14220 11955 10059 8733 7088 5655 4456 3551 2956 2204 1886 1407 1110 744 622 519 429 320 263 226 204 134 121 103 94 82 48 34 28 20 22 14 3 5 5 2 1 3 2 0 0 1 0 0 0 0 0 0 0 
106 150 203 269 445 627 849 1156 1507 2135 2657 3514 4487 5823 7514 9121 11491 13869 16835 20157 23299 27167 31058 35014 39161 42892 46642 50464 53650 56195 57877 60251 59926 59286 58791 57439 55358 52475 49202 45905 42961 39327 35756 31639 28781 25803 23188 20370 18092 15954 14074 12199 10028 8614 7397 5959 4898 4148 3146 2576 2101 1716 1378 1036 785 627 487 414 369 313 256 219 155 127 121 96 66 65 45 32 29 18 21 9 8 5 5 3 2 1 1 0 0 0 0 0 0 0 0 0 
82 129 164 248 411 581 742 1107 1376 1857 2456 3261 4116 5245 6706 8316 10211 12460 14881 17763 20905 23567 27139 30601 33897 37370 40347 42722 45821 47470 49279 50829 51133 50784 49143 47658 45794 43327 40656 37812 34324 30853 28430 25828 23152 19987 17520 15957 14617 13083 11588 10194 8783 7786 6420 5558 4518 3746 3130 2522 2022 1699 1224 995 745 634 494 412 397 345 264 229 197 181 119 85 77 65 56 38 28 19 16 11 4 5 3 2 1 1 0 1 0 0 0 0 0 0 0 0 
96 114 162 249 337 493 672 870 1245 1677 2163 2820 3615 4723 6018 7477 8857 10902 12972 15370 18158 20795 23742 26520 29078 31840 34799 36802 38884 39928 41208 41318 41361 41583 40605 38830 36569 35107 32987 30511 27828 25490 22765 19967 17886 16302 14562 13279 12226 10872 9867 8852 7639 6763 6134 5134 4431 3695 3016 2511 2093 1725 1167 953 825 639 510 427 366 317 301 240 198 186 153 134 87 72 55 34 37 27 16 13 10 2 4 8 2 0 1 0 1 0 0 0 0 0 0 0 
57 95 167 205 317 418 605 874 1138 1475 1954 2584 3321 4203 5199 6554 7973 9614 11354 13516 15477 17591 20346 22479 24758 27127 29102 30897 32661 33572 34245 34194 34082 33266 32399 31111 30078 28072 26174 23915 21719 19743 18091 16286 14372 13163 12112 10712 10297 9440 8663 7858 7260 6061 5377 4724 3857 3608 3074 2416 2004 1648 1354 1079 825 665 589 454 417 354 308 267 216 174 140 99 86 81 55 34 37 21 22 6 4 2 5 2 2 2 0 0 0 0 0 0 0 0 0 0 
47 101 146 200 264 378 514 719 961 1198 1704 2207 2835 3684 4590 5567 6840 8194 9767 11541 13134 15226 17513 19351 21063 22811 24477 25691 26632 28074 28452 28179 27802 27364 26387 25200 23920 22006 20422 18883 17149 15472 13696 12671 11873 11072 10450 9514 8936 8075 7447 6790 6252 5751 4990 4085 3572 3190 2790 2292 2217 1679 1358 1096 834 729 547 460 402 379 284 257 217 181 158 116 98 81 48 41 32 22 22 5 1 6 6 4 0 1 0 1 0 0 0 0 0 0 0 0 
44 71 103 190 245 335 454 619 856 1180 1490 1888 2454 3147 3908 4866 6012 7055 8609 10113 11520 13149 14789 16185 17972 19040 20184 21160 22318 22636 22908 23041 22483 22046 20995 19717 18589 17859 16085 14594 13225 12270 11102 10243 9460 8993 8399 8024 7420 6766 6576 6167 5464 4965 4206 3660 3157 2583 2188 1937 1691 1483 1284 1008 906 748 608 528 415 423 278 276 218 179 140 132 92 77 59 43 33 25 7 13 6 12 6 2 2 1 0 0 0 0 0 0 0 0 0 0 
50 92 115 127 243 276 387 546 773 941 1274 1722 2218 2680 3378 4142 5110 6091 7232 8402 9780 11015 12194 13557 14756 15723 16666 17590 18192 18512 18442 18491 18222 17607 16779 16037 14791 13542 12606 11502 10666 9407 8877 8346 7888 7365 7201 6871 6629 5995 5436 5018 4597 4362 3805 3229 2970 2465 2141 1792 1570 1536 1223 984 877 677 577 506 430 375 319 265 218 195 141 113 101 68 49 31 24 22 20 7 11 5 5 4 0 2 0 0 0 0 0 0 0 0 0 0 
43 65 94 127 198 271 336 514 647 857 1111 1493 1862 2407 2979 3534 4397 5115 6112 7058 8080 9225 10213 11003 12287 12855 13876 14371 14664 15344 14826 14826 14577 13721 13133 12432 11761 10883 9779 9080 8404 7773 7190 6790 6646 6128 5774 5820 5469 5368 4843 4430 4123 3592 3364 3090 2633 2354 2095 1788 1532 1250 1175 987 809 766 578 503 440 417 326 234 207 186 145 105 84 68 59 47 20 23 18 9 14 2 2 1 0 1 0 0 0 0 1 0 1 0 0 0 
44 52 78 122 159 228 295 418 549 700 1003 1259 1662 2017 2499 2957 3709 4423 5160 5801 6537 7629 8410 9370 9926 10465 11085 11756 12118 12005 12037 11784 11402 10847 10414 9746 9125 8260 7787 7034 6435 6132 5976 5553 5373 5194 5070 4839 4838 4394 4344 3948 3584 3140 3039 2746 2380 2120 1957 1714 1383 1136 1065 1035 856 692 643 500 421 380 289 279 239 163 144 92 80 65 51 32 35 21 20 7 7 9 2 1 2 0 0 0 1 0 0 0 0 0 0 0 
43 40 90 108 124 185 271 364 464 660 852 1115 1344 1687 2041 2562 2976 3628 4178 4871 5548 6126 7102 7613 8166 8792 9223 9411 9619 9579 9691 9264 8870 8554 8125 7669 7119 6526 5870 5414 5348 4976 4586 4443 4623 4397 4232 4083 3921 3842 3615 3443 3190 2903 2622 2406 2212 1836 1655 1592 1382 1149 999 854 778 680 582 486 425 344 292 235 206 187 142 102 81 71 46 34 22 24 22 9 2 3 3 2 1 0 0 0 0 0 0 0 0 0 0 0 
34 53 70 84 132 152 244 301 394 593 681 900 1100 1475 1740 2125 2516 2983 3461 4033 4531 5058 5604 6363 6710 6956 7547 7564 7748 7529 7557 7362 7151 6676 6169 5865 5328 5023 4700 4415 4102 3993 3839 3745 3645 3538 3656 3519 3472 3244 3093 2716 2660 2541 2261 2109 1888 1683 1456 1360 1224 1122 902 767 640 542 493 477 412 329 283 216 196 161 113 99 91 59 48 32 28 20 15 9 7 2 0 1 0 0 0 0 0 0 0 0 0 0 0 0 
27 41 67 80 90 132 205 271 337 425 617 713 891 1210 1456 1778 2163 2462 2828 3295 3780 4243 4707 5011 5416 5644 5961 5938 6076 5984 5766 5553 5355 5207 4805 4385 4111 3840 3613 3430 3437 3292 3189 3231 3001 2917 2907 3002 2763 2828 2507 2455 2395 2099 2003 1746 1717 1532 1409 1196 1080 928 861 709 669 548 461 390 324 275 250 199 187 138 132 100 74 72 36 28 28 24 11 13 5 3 2 2 2 0 0 0 0 0 0 0 0 0 0 0 
20 35 48 73 101 101 168 226 276 357 470 595 747 936 1165 1488 1657 1977 2386 2729 3126 3401 3667 3976 4250 4378 4706 4716 4762 4612 4605 4667 4138 3916 3598 3391 3191 3063 2820 2879 2746 2642 2523 2523 2467 2477 2399 2406 2362 2131 2170 2114 1903 1796 1654 1544 1327 1374 1115 1020 886 797 726 686 568 537 403 360 332 308 247 223 179 164 109 93 71 63 51 25 28 15 14 6 5 1 4 4 0 0 0 0 0 0 0 0 0 0 0 0 
20 31 30 47 71 89 118 157 216 316 359 512 622 689 955 1058 1349 1584 1823 2042 2452 2722 3076 3186 3288 3678 3621 3710 3756 3799 3615 3388 3219 3017 2912 2675 2527 2385 2266 2163 2249 2150 2114 2155 2022 2104 1933 1975 1878 1840 1761 1639 1686 1589 1402 1339 1321 1082 1016 886 768 711 686 589 507 457 374 330 280 226 200 178 178 104 110 89 65 62 30 24 22 24 3 11 3 3 2 1 1 1 0 0 0 0 0 0 0 0 0 0 
7 11 32 42 63 70 125 160 183 233 354 401 470 582 776 901 1099 1321 1488 1729 1913 2157 2306 2675 2733 2788 2807 2866 2795 2812 2783 2644 2360 2329 2192 2084 1961 1885 1862 1700 1686 1701 1771 1741 1695 1601 1608 1505 1487 1463 1481 1364 1323 1277 1324 1115 1026 971 849 729 706 609 529 520 467 348 312 268 241 209 178 114 136 98 101 89 64 50 31 21 14 10 12 8 5 1 4 3 0 0 0 0 0 0 0 0 0 0 0 0 
18 12 24 35 39 62 80 113 136 187 234 339 409 465 619 754 870 1001 1194 1412 1542 1678 1805 1965 2058 2216 2340 2293 2269 2108 2111 2029 1942 1830 1725 1645 1480 1399 1373 1294 1294 1335 1358 1523 1408 1275 1284 1307 1280 1212 1217 1071 1139 1080 1055 927 907 849 733 703 584 530 457 373 360 323 310 266 227 185 155 139 121 92 80 60 56 32 23 29 23 12 3 3 2 2 2 2 0 1 0 0 0 0 0 0 1 0 0 0 
7 18 17 24 35 48 68 102 134 140 171 254 306 397 463 552 638 811 918 993 1217 1318 1464 1546 1663 1738 1735 1649 1717 1644 1640 1560 1467 1448 1398 1296 1097 1145 1159 1147 1057 1099 1022 1034 1092 1125 1046 991 978 1043 969 955 917 880 867 782 758 656 591 586 468 431 407 323 320 329 268 190 193 173 121 122 94 98 56 54 36 26 32 13 23 12 11 9 0 0 0 0 0 1 0 0 0 0 0 0 0 0 0 0 
8 7 7 18 31 40 52 65 95 109 134 187 238 305 356 460 577 602 688 836 937 1035 1083 1181 1318 1292 1331 1324 1268 1291 1292 1218 1113 1068 1072 1011 999 895 917 894 902 869 851 803 856 894 899 867 767 786 782 766 749 802 745 693 628 573 488 504 391 376 309 280 279 215 197 191 158 140 112 87 63 73 66 54 31 32 20 12 9 5 10 3 3 1 1 0 0 0 1 0 0 0 0 0 0 0 0 0 
8 9 10 12 19 38 39 45 56 103 114 118 192 222 278 333 411 475 561 631 773 813 811 907 994 956 926 978 979 1000 912 899 826 874 763 758 758 732 655 685 685 643 667 638 682 702 654 696 620 686 645 599 630 579 542 522 520 468 434 430 367 298 293 239 224 190 186 148 125 103 102 69 70 58 51 30 41 28 23 7 8 9 4 4 4 1 2 1 0 0 0 0 0 0 0 0 0 0 0 0 
2 5 3 10 20 26 39 45 57 65 80 120 147 194 208 264 341 367 425 487 518 595 645 670 753 744 799 747 706 677 698 682 644 625 575 611 586 612 588 548 613 574 519 546 543 508 524 513 541 568 565 562 505 467 472 459 430 419 361 318 308 268 209 211 187 140 124 125 82 89 89 56 59 40 38 25 18 15 17 9 11 5 7 2 0 1 0 1 0 0 0 0 0 0 0 0 0 0 0 0 
2 4 9 10 11 16 20 24 33 47 79 87 117 125 165 207 224 287 335 359 443 452 442 558 528 553 567 579 516 527 543 542 516 458 485 431 429 503 459 419 431 482 404 403 457 411 463 430 416 455 447 391 434 399 439 404 377 327 300 246 266 230 201 183 156 113 128 103 92 68 63 48 38 35 31 24 22 12 9 12 6 2 2 1 1 1 1 0 0 0 0 0 0 0 0 0 0 0 0 0 
3 5 1 2 8 11 19 22 35 51 45 66 88 111 154 150 193 201 279 269 297 333 343 415 431 422 458 424 409 400 379 369 359 365 313 363 287 351 322 356 343 335 329 357 362 333 346 362 365 371 330 354 391 354 328 295 288 266 237 210 207 177 161 121 139 110 87 78 71 51 49 33 21 31 23 26 11 9 10 6 1 5 7 3 2 2 2 0 0 0 0 0 0 0 0 0 0 0 0 0 
3 4 2 11 4 10 12 14 24 27 47 52 65 83 84 119 135 156 196 251 241 263 284 280 343 297 320 309 318 298 278 277 253 262 258 246 257 243 252 281 286 223 290 267 271 261 278 266 295 292 290 301 292 293 260 288 236 228 225 175 172 147 115 112 99 91 73 50 59 56 39 37 26 14 16 11 12 7 10 2 4 4 0 3 2 1 0 2 0 0 0 0 0 0 0 0 0 0 0 0 
1 3 2 2 7 6 7 11 25 28 27 51 42 54 79 89 117 147 159 168 174 188 179 241 244 233 251 227 203 199 203 220 196 190 182 182 201 183 183 176 180 189 199 214 194 180 208 213 255 258 270 246 215 234 244 246 192 158 164 141 136 122 105 85 66 63 52 59 45 27 26 30 16 12 10 14 5 5 4 6 2 1 3 0 0 1 0 0 0 0 0 0 0 0 0 0 0 0 0 0 
2 2 1 2 2 4 8 11 6 20 19 32 38 37 61 57 100 102 89 116 133 118 172 150 165 178 143 148 150 142 159 148 144 126 127 139 145 144 135 160 149 146 162 170 165 168 173 170 168 174 202 211 194 181 156 170 132 138 145 113 104 101 80 75 78 58 57 45 30 29 17 15 21 7 9 6 1 2 3 1 4 0 1 2 0 0 1 0 0 0 0 0 1 0 0 0 0 0 0 0 
0 0 1 2 2 6 5 7 9 6 18 21 21 26 51 43 43 58 60 82 93 100 102 117 110 108 121 125 110 106 96 98 109 104 105 115 125 107 110 109 131 105 118 147 137 135 140 143 117 118 144 129 148 136 145 136 138 108 85 103 73 80 59 67 44 50 34 24 32 17 11 9 17 5 8 9 2 2 5 1 1 1 0 0 1 0 0 0 0 0 0 0 0 0 0 0 0 0 0 0 
1 2 0 1 0 0 6 3 7 13 6 19 31 26 24 31 50 47 67 61 77 77 83 73 84 72 89 84 71 90 67 84 84 71 84 88 93 78 73 98 103 97 102 111 101 107 92 102 110 107 116 125 106 115 108 107 106 93 81 64 77 56 45 39 39 32 24 17 23 13 11 22 9 14 3 12 6 4 0 2 1 0 1 0 0 0 0 0 0 0 0 0 0 0 0 0 0 0 0 0 
0 0 0 0 0 0 3 2 5 7 13 13 18 13 21 20 24 42 45 54 53 59 71 56 58 52 55 53 48 65 45 51 57 53 71 50 63 77 71 76 88 72 74 74 99 66 65 74 64 83 75 99 93 73 98 69 62 60 66 57 44 47 39 32 24 31 24 15 14 13 17 8 5 8 4 7 5 1 0 0 1 0 0 0 0 0 0 1 0 0 0 0 0 0 0 0 0 0 0 0 
0 0 0 0 0 0 3 2 4 3 7 5 12 16 20 22 31 21 28 31 30 49 34 38 44 35 32 26 38 53 43 35 40 52 43 50 47 56 57 57 58 68 73 54 59 44 42 61 58 49 71 55 76 62 60 62 64 53 52 45 29 28 26 21 22 14 11 12 12 14 8 5 5 2 1 3 2 4 0 4 1 0 0 0 0 0 0 0 1 0 0 0 0 0 0 0 0 0 0 0 
0 0 0 1 1 1 1 1 1 4 4 7 6 7 14 8 11 20 27 14 22 16 29 22 28 20 29 19 30 22 25 39 23 33 43 44 59 43 46 58 39 39 50 37 28 27 35 32 37 41 48 48 56 40 51 38 37 28 34 25 38 23 27 19 13 18 7 7 3 6 7 5 3 2 2 1 0 2 1 0 1 0 0 0 0 0 0 0 0 0 0 0 0 0 0 0 0 0 0 0 
0 0 0 0 0 0 1 1 2 4 5 2 4 6 8 13 16 8 15 14 18 20 11 14 20 13 22 17 27 21 17 18 27 23 28 38 32 31 30 41 44 40 36 30 33 27 28 21 27 33 28 28 39 26 28 34 25 35 25 21 16 17 14 10 8 13 12 7 11 7 6 2 2 3 1 0 0 1 1 0 2 1 0 0 0 0 0 0 0 0 0 0 0 0 0 0 0 0 0 0 
0 0 1 0 1 1 0 0 0 3 3 5 5 3 4 8 11 12 10 14 11 10 16 9 11 11 13 14 13 12 15 14 24 30 19 19 25 23 33 29 21 21 16 21 23 19 17 22 27 23 29 23 29 35 17 23 27 8 20 23 10 11 11 15 7 5 5 5 4 3 3 0 2 0 2 1 0 0 0 0 0 0 0 0 0 0 0 0 0 0 0 0 0 0 0 0 0 0 0 0 
0 0 0 0 0 0 1 1 1 1 2 2 5 3 5 4 4 3 3 8 3 8 7 6 10 6 6 5 10 22 8 10 13 17 20 16 18 17 21 13 12 10 16 15 21 13 13 23 14 16 22 10 17 14 22 17 12 13 17 21 11 5 8 8 5 4 2 3 3 4 1 3 1 1 1 2 0 0 0 0 0 0 0 0 0 0 0 0 0 0 0 0 0 0 0 0 0 0 0 0 
0 0 0 0 0 0 0 0 0 0 3 1 4 4 1 5 6 6 3 2 10 5 8 3 7 9 4 8 7 11 9 9 12 10 17 14 13 18 11 17 18 15 9 11 14 11 13 8 7 10 8 15 12 12 15 14 19 7 7 4 8 10 6 4 2 2 4 2 4 4 3 0 0 0 0 0 1 0 0 0 0 0 0 0 0 0 0 0 0 0 0 0 0 0 0 0 0 0 0 0 
0 0 0 0 0 1 0 0 1 0 1 0 1 1 0 2 2 3 2 1 4 3 1 3 4 8 3 5 3 6 6 7 10 9 6 9 6 5 8 8 14 5 4 5 7 6 7 9 6 4 10 6 8 6 6 11 7 10 8 5 3 4 5 4 6 2 0 1 0 2 0 1 0 0 0 0 0 0 0 0 0 0 0 0 0 0 0 0 0 0 0 0 0 0 0 0 0 0 0 0 
0 0 0 0 0 0 0 1 0 0 2 2 1 1 1 2 1 2 1 1 3 1 4 4 0 1 1 5 1 5 4 4 15 6 4 7 9 6 8 5 5 4 10 1 5 2 6 4 6 6 8 7 2 9 5 5 9 2 4 4 5 3 2 1 1 0 0 2 1 1 0 0 1 0 0 0 1 0 0 0 0 0 0 0 0 0 0 0 0 0 0 0 0 0 0 0 0 0 0 0 
0 0 0 0 0 0 0 0 0 0 1 1 0 2 0 1 0 0 1 4 3 1 1 0 1 2 1 6 2 4 2 2 3 3 6 4 6 5 5 5 4 5 6 2 1 1 3 2 4 1 3 3 4 3 2 4 3 6 3 4 3 1 1 0 0 1 2 0 0 0 1 0 0 0 0 0 0 0 0 0 0 0 0 0 0 0 0 0 0 0 0 0 0 0 0 0 0 0 0 0 
0 0 0 0 0 0 1 1 0 0 0 0 0 0 0 1 4 0 1 0 1 1 2 0 0 2 0 0 1 1 1 2 4 5 6 3 1 3 2 4 3 6 3 3 2 4 2 3 2 1 1 4 5 4 5 3 3 1 0 1 2 1 0 3 1 1 0 0 0 0 0 1 0 0 0 0 0 0 0 1 0 0 0 0 0 0 0 0 0 0 0 0 0 0 0 0 0 0 0 0 
0 0 0 0 0 0 0 0 0 0 0 0 1 0 0 0 0 0 0 0 0 1 0 0 1 0 0 2 1 1 1 1 5 2 2 2 3 2 3 1 1 1 2 2 1 2 1 3 3 2 0 2 2 1 0 2 2 2 2 2 0 1 1 1 0 0 0 0 2 0 0 0 0 0 0 0 0 0 0 0 0 0 0 0 0 0 0 0 0 0 0 0 0 0 0 0 0 0 0 0 
0 0 0 0 0 0 0 0 0 0 0 0 0 0 0 0 1 0 0 0 0 0 0 1 1 0 1 0 0 1 0 1 0 2 1 1 1 1 3 1 0 0 2 1 0 1 0 1 1 1 1 1 0 2 2 1 0 2 2 0 0 0 0 0 0 0 0 0 1 0 0 0 0 0 0 0 0 0 0 0 0 0 0 0 0 0 0 0 0 0 0 0 0 0 0 0 0 0 0 0 
0 0 0 0 0 0 0 0 0 0 0 0 0 0 0 0 0 0 1 0 0 1 0 0 0 1 1 0 0 0 0 2 0 0 0 0 1 1 1 1 2 2 0 1 0 0 0 2 2 0 1 0 0 1 1 0 1 1 2 0 0 0 0 0 1 0 0 0 0 0 0 0 0 0 0 0 0 0 0 0 0 0 0 0 0 0 0 0 0 0 0 0 0 0 0 0 0 0 0 0 
0 0 0 0 0 0 0 0 0 0 0 0 0 0 0 0 0 0 0 0 0 0 0 0 0 1 0 0 0 0 0 1 1 1 2 0 0 1 0 1 0 0 0 1 0 0 0 1 0 0 0 0 0 0 0 0 0 0 0 0 1 0 0 0 0 0 0 0 0 0 0 0 0 0 0 0 0 0 0 0 0 0 0 0 0 0 0 0 0 0 0 0 0 0 0 0 0 0 0 0 
0 0 0 0 0 0 0 0 0 0 0 0 0 0 0 0 0 0 0 0 0 0 0 0 1 0 0 0 1 0 0 0 0 0 0 2 0 0 0 0 0 0 0 0 0 0 0 0 0 0 0 0 0 0 1 0 0 0 1 0 0 0 1 0 1 0 0 0 0 0 0 0 0 0 0 0 0 0 0 0 0 0 0 0 0 0 0 0 0 0 0 0 0 0 0 0 0 0 0 0 
0 0 0 0 0 0 0 0 0 0 0 0 0 0 1 0 0 0 0 0 0 0 0 0 0 0 0 0 0 1 0 0 0 1 1 0 0 0 3 0 0 0 0 0 0 0 0 0 0 0 0 0 0 0 0 0 0 0 0 0 0 0 0 0 0 0 0 0 0 0 0 0 0 0 0 0 0 0 0 0 0 0 0 0 0 0 0 0 0 0 0 0 0 0 0 0 0 0 0 0 
0 0 0 0 0 0 0 0 0 0 0 0 0 0 0 0 0 0 0 0 0 1 0 0 0 0 1 0 0 0 0 0 0 1 0 0 0 0 0 0 0 0 1 1 0 0 0 0 0 0 0 0 0 0 0 0 0 0 0 0 0 0 0 0 0 0 0 0 1 0 0 0 0 0 0 0 0 0 0 0 0 0 0 0 0 0 0 0 0 0 0 0 0 0 0 0 0 0 0 0 
0 0 0 0 0 0 0 0 0 0 0 0 0 0 0 0 0 0 0 0 0 0 0 0 0 0 0 0 0 0 0 0 0 1 0 0 0 0 0 0 0 0 0 0 1 0 0 0 0 0 0 0 0 0 0 1 0 0 0 0 0 0 0 0 0 0 0 0 0 0 0 0 0 0 0 0 0 0 0 0 0 0 0 0 0 0 0 0 0 0 0 0 0 0 0 0 0 0 0 0 
0 0 0 0 0 0 0 0 0 0 0 0 0 0 0 0 0 0 0 0 0 0 0 0 0 0 0 0 0 0 0 0 0 0 0 0 0 1 0 0 0 0 0 0 0 0 0 0 0 0 0 0 0 0 0 0 0 0 0 0 0 0 0 0 0 0 0 0 0 0 0 0 0 0 0 0 0 0 0 0 0 0 0 0 0 0 0 0 0 0 0 0 0 0 0 0 0 0 0 0 
0 0 0 0 0 0 0 0 0 0 0 0 0 0 0 0 0 0 0 0 0 0 0 0 0 1 0 0 1 0 0 0 0 0 0 0 1 0 0 0 0 0 0 0 0 0 0 0 0 0 0 0 0 0 0 0 0 0 0 0 0 0 0 0 0 0 0 0 0 0 0 0 0 0 0 0 0 0 0 0 0 0 0 0 0 0 0 0 0 0 0 0 0 0 0 0 0 0 0 0 
0 0 0 0 0 0 0 0 0 0 0 0 0 0 0 0 0 0 0 0 0 0 0 0 0 0 0 0 0 0 0 0 0 0 0 0 0 0 0 0 0 0 0 0 0 0 0 0 0 0 0 0 0 0 0 0 0 0 0 0 0 0 0 0 0 0 0 0 0 0 0 0 0 0 0 0 0 0 0 0 0 0 0 0 0 0 0 0 0 0 0 0 0 0 0 0 0 0 0 0 
